Frequency,dB,Rad,Mag,Fit
2.458709623,55.973579407,1.863852837,1.0045993156444384,0.9819539907876204
2.458709764,55.91558075,1.863341909,0.9979136085073901,0.9820207539144452
2.458709904,55.899925232,1.865836093,0.9961165808929374,0.9820871367135268
2.458710045,55.967189789,1.861896612,1.0038605720380471,0.9821540879431262
2.458710185,55.898471832,1.861877837,0.9959499157866463,0.9822206583712295
2.458710326,55.894943237,1.864013026,0.995545398770794,0.9822877994413609
2.458710467,55.944660187,1.865608259,1.0012601161479897,0.9823550364310867
2.458710607,55.924118042,1.859498835,0.9988949320630008,0.9824218919036006
2.458710748,55.918380737,1.855882661,0.998235348208985,0.9824893213824273
2.458710889,55.944511414,1.86915559,1.0012429665868317,0.9825568481209972
2.458711029,55.948646545,1.861755331,1.0017197463638534,0.9826239926217287
2.45871117,55.894542694,1.862295953,0.9954994910327049,0.9826917145447902
2.45871131,55.921916962,1.866500685,0.998641835466799,0.982759053746953
2.458711451,55.901878357,1.861426963,0.9963405946708452,0.9828269726753843
2.458711592,55.918323517,1.85822358,0.9982287721596836,0.9828949911497141
2.458711732,55.91815567,1.865451932,0.9982094824734409,0.9829626261739128
2.458711873,55.998947144,1.863336983,1.007537605564645,0.9830308444291116
2.458712014,55.917476654,1.862132168,0.9981314508905517,0.9830991636353253
2.458712154,55.916210175,1.853272364,0.9979859251678471,0.9831670986565361
2.458712295,55.919776917,1.859305223,0.9983958186163155,0.9832356204680744
2.458712436,55.904979706,1.860215358,0.9966964075757847,0.9833042446603415
2.458712576,55.917663574,1.859813887,0.998152930870852,0.9833724839279177
2.458712717,55.946102142,1.857040737,1.0014263503437657,0.983441313600775
2.458712857,55.975505829,1.858973793,1.0048221479540909,0.9835097578531132
2.458712998,55.906936646,1.864626618,0.996920989614892,0.9835787949492157
2.458713139,55.922172546,1.863092371,0.9986712211303,0.9836479368650843
2.458713279,55.91727829,1.861504328,0.9981086563243582,0.9837166926119277
2.45871342,55.967472076,1.862539366,1.003893197526737,0.9837860449125012
2.458713561,55.913467407,1.860269154,0.9976708380730411,0.9838555035322051
2.458713701,55.940525055,1.858835042,1.0007835550219193,0.9839245752285988
2.458713842,55.918125153,1.863909296,0.998205975370941,0.9839942472469444
2.458713982,55.94077301,1.858633707,1.0008121246720876,0.9840635318370992
2.458714123,55.908893585,1.871430995,0.9971456221434671,0.9841334192917204
2.458714264,55.941440582,1.857550067,1.0008890471123713,0.9842034156229229
2.458714404,55.938678741,1.862910078,1.000570846319056,0.9842730237626568
2.458714545,55.956329346,1.866596425,1.0026061746301465,0.9843432386349594
2.458714686,55.927333832,1.865942886,0.9992648229062411,0.9844135639561998
2.458714826,55.907436371,1.865449535,0.996978347087027,0.984483500317461
2.458714967,55.936203003,1.863063343,1.0002856943804967,0.9845540473413095
2.458715107,55.930416107,1.855307019,0.9996194849686276,0.9846242048903987
2.458715248,55.865959167,1.859499234,0.9922288855556187,0.9846949757532834
2.458715389,55.91147995,1.861801936,0.997442582690932,0.9847658597474125
2.458715529,55.964080811,1.854920328,1.0035013201850773,0.9848363534890895
2.45871567,55.905963898,1.854758408,0.9968093489379928,0.9849074645795879
2.458715811,55.960552216,1.861911925,1.003093736075665,0.9849786904499698
2.458715951,55.976577759,1.856541794,1.004946161211839,0.9850495252848552
2.458716092,55.908641815,1.853270367,0.9971167192071781,0.9851209815679943
2.458716232,55.928421021,1.85700798,0.9993899059733612,0.9851920462907366
2.458716373,55.872123718,1.854528977,0.9929333403542143,0.9852637352278953
2.458716514,55.934772491,1.855377194,1.0001209671132316,0.985335541758849
2.458716654,55.968395233,1.86023187,1.0039998993525219,0.9854069559369636
2.458716795,55.936401367,1.858910276,1.0003085386653634,0.9854789985393164
2.458716936,55.994338989,1.859696441,1.0070032149308843,0.9855511604658744
2.458717076,55.988780975,1.851005748,1.0063590497538757,0.9856229292409835
2.458717217,55.945056915,1.860134265,1.0013058497471659,0.9856953307178635
2.458717357,55.884990692,1.861552798,0.9944053271830685,0.9857673385086991
2.458717498,55.930053711,1.85654965,0.9995777793332881,0.9858399818883076
2.458717639,55.908679962,1.858439163,0.997121098389576,0.9859127475447078
2.458717779,55.931735992,1.860869297,0.9997713960645487,0.9859851187067997
2.45871792,55.920982361,1.852303107,0.9985343874694662,0.9860581298512333
2.458718061,55.993087769,1.852012955,1.0068581645252352,0.9861312650883025
2.458718201,55.902824402,1.856782943,0.9964491194634572,0.9862040050171477
2.458718342,55.950157166,1.851140504,1.0018939772765922,0.9862773893937725
2.458718483,55.943195343,1.849633021,1.0010912714739657,0.9863508997116178
2.458718623,55.905006409,1.85251363,0.9966994717207595,0.9864240139013736
2.458718764,55.906921387,1.863687455,0.9969192382682074,0.986497777076638
2.458718904,55.959400177,1.861462383,1.0029607011741897,0.9865711435747802
2.458719045,55.883953094,1.85548585,0.9942865447213726,0.9866451621214098
2.458719186,55.931758881,1.851833725,0.9997740306591142,0.9867193097646277
2.458719326,55.95999527,1.856859642,1.0030294189870939,0.9867930599005488
2.458719467,55.928836823,1.85407797,0.9994377488870417,0.9868674667469243
2.458719608,55.900241852,1.855500631,0.9961528922200894,0.9869420046306118
2.458719748,55.866001129,1.855376528,0.9922336790783091,0.9870161441709019
2.458719889,55.918449402,1.852070213,0.9982432396402573,0.9870909451605252
2.458720029,55.979587555,1.845918711,1.005294451044279,0.9871653472465521
2.45872017,55.904895782,1.861559323,0.9966867774344065,0.9872404139801276
2.458720311,55.977996826,1.848476544,1.0051103588351251,0.9873156150630182
2.458720451,55.961620331,1.85617228,1.0032170953848627,0.9873904163957509
2.458720592,55.972175598,1.854480241,1.004436965941368,0.9874658872454309
2.458720733,55.876148224,1.860861974,0.9933935110748674,0.9875414944808498
2.458720873,55.991031647,1.849960723,1.006619849476675,0.9876167011133751
2.458721014,55.988365173,1.849661517,1.0063108755187093,0.9876925822122985
2.458721154,55.915454865,1.846568522,0.9978991458041419,0.9877680621365054
2.458721295,55.932857513,1.854895295,0.9999004947584653,0.9878442198680948
2.458721436,55.902053833,1.849810521,0.9963607233664097,0.9879205174620583
2.458721576,56.016876221,1.847132846,1.009619473586175,0.9879964130176445
2.458721717,55.907520294,1.849776566,0.9969879799308133,0.9880729914671137
2.458721858,55.922477722,1.85485548,0.9987063097459001,0.9881497119173729
2.458721998,55.983703613,1.855921943,1.0057709515542388,0.9882260294583909
2.458722139,55.92980957,1.848570021,0.999549683824464,0.988303035063833
2.458722279,55.950389862,1.849956462,1.0019208184930437,0.9883796371767544
2.45872242,55.944210052,1.850810671,1.0012082284815758,0.9884569308449495
2.458722561,55.949268341,1.853671838,1.001791458952016,0.9885343701634148
2.458722701,55.965805054,1.85198406,1.0037005458199801,0.9886114051069923
2.458722842,55.921165466,1.852469554,0.9985554375373135,0.9886891369202022
2.458722983,56.007659912,1.849606123,1.0085487680419658,0.9887670166283556
2.458723123,55.934680939,1.846916198,1.0001104255802349,0.9888444910723914
2.458723264,55.894016266,1.848517024,0.9954391583612874,0.988922667789323
2.458723405,55.962730408,1.850433701,1.003345317068128,0.9890009946865354
2.458723545,55.936897278,1.849458717,1.0003656517752184,0.9890789154228821
2.458723686,55.925773621,1.855806229,0.9990853451534948,0.9891575439253856
2.458723826,55.963596344,1.850164855,1.0034453501306102,0.9892357656661916
2.458723967,55.928554535,1.852673419,0.9994052680807557,0.9893146988812781
2.458724108,55.957622528,1.84726627,1.0027554568377604,0.989393786177456
2.458724248,55.931591034,1.851071794,0.9997547111124301,0.9894724658026655
2.458724389,55.925346375,1.846802614,0.9990362028391035,0.9895518625488938
2.45872453,55.934909821,1.842919325,1.0001367798513525,0.9896314157749796
2.45872467,55.964710236,1.855818879,1.0035740417750232,0.9897105604135411
2.458724811,55.971446991,1.849102786,1.0043527133039323,0.9897904279136435
2.458724951,55.96188736,1.853301126,1.003247937611369,0.9898698862113136
2.458725092,55.924736023,1.848559368,0.9989660036601452,0.9899500712460158
2.458725233,55.912654877,1.848865365,0.9975775143485777,0.9900304168543863
2.458725373,55.954658508,1.848543256,1.0024133295153956,0.9901103523300376
2.458725514,55.903217316,1.856539663,0.9964941957516819,0.9901910204444402
2.458725655,55.923782349,1.850620921,0.998856327432881,0.9902718516489788
2.458725795,55.941902161,1.847894643,1.0009422370169514,0.990352271782338
2.458725936,55.895652771,1.847548432,0.9956267263250628,0.9904334305545669
2.458726076,55.920490265,1.849026486,0.9984778174600206,0.9905141776254804
2.458726217,55.968860626,1.849206916,1.0040536954589292,0.9905956673861346
2.458726358,55.940673828,1.84694203,1.0008006967141514,0.9906773245315261
2.458726498,56.002124786,1.84360975,1.0079062701058388,0.9907585690224656
2.458726639,55.909057617,1.844343451,0.9971644532985887,0.9908405623712805
2.45872678,55.880256653,1.843837983,0.9938634977148866,0.9909227257451888
2.45872692,55.96182251,1.849123026,1.0032404472576355,0.9910044755017589
2.458727061,55.924037933,1.843151953,0.9988857194079429,0.9910869803871443
2.458727201,55.948799133,1.842861934,1.0017373440725075,0.9911690710091647
2.458727342,55.886756897,1.836204165,0.9946075519767573,0.9912519209940853
2.458727483,55.957832336,1.843830792,1.0027796787271257,0.9913349455077732
2.458727623,55.914836884,1.847103285,0.9978281501087715,0.9914175547790248
2.458727764,55.951530457,1.851772738,1.0020523952180336,0.9915009298594796
2.458727905,55.873409271,1.841477357,0.9930803100895034,0.9915844822368755
2.458728045,55.872882843,1.844961038,0.9930201240335792,0.9916676183827781
2.458728186,56.017871857,1.846307798,1.0097352096996324,0.9917515268921742
2.458728327,55.957870483,1.842454337,1.0027840827803656,0.991835615515245
2.458728467,55.928401947,1.841087603,0.9993877113401191,0.9919192869068115
2.458728608,55.915584564,1.841942345,0.997914046694323,0.9920037373252591
2.458728748,55.938800812,1.845157047,1.0005849083837555,0.9920877698405969
2.458728889,55.917282104,1.839034572,0.9981090945969373,0.9921725858806748
2.45872903,55.974246979,1.839440438,1.0046765291682973,0.9922575868377554
2.45872917,55.882396698,1.847858557,0.9941083977464772,0.9923421688728137
2.458729311,55.97366333,1.838032558,1.004609022122321,0.9924275412813202
2.458729452,55.90838623,1.847739114,0.9970873791697327,0.9925131015574429
2.458729592,55.883358002,1.847364008,0.9942184259995791,0.9925982418810959
2.458729733,55.961055756,1.841952198,1.0031518892968092,0.9926841795397219
2.458729873,55.933502197,1.836535062,0.9999747121156389,0.9927696965522845
2.458730014,55.928398132,1.83883377,0.9993872723910373,0.9928560155994206
2.458730155,55.905273437,1.837149587,0.9967301134591077,0.9929425275431383
2.458730295,55.95552063,1.843268599,1.0025128294526866,0.9930286177888615
2.458730436,55.979652405,1.835418133,1.0053019567335335,0.9931155172229282
2.458730577,55.92338562,1.84293597,0.9988107055980869,0.9932026126410134
2.458730717,55.927070618,1.842827713,0.9992345420119564,0.9932892852953619
2.458730858,55.977039337,1.845254785,1.004999566606542,0.9933767744094822
2.458730998,55.936447144,1.841246993,1.000313810577228,0.9934638400417202
2.458731139,55.907360077,1.844424011,0.9969695899953384,0.993551727041419
2.45873128,55.955493927,1.838216316,1.002509747435754,0.9936398152848244
2.45873142,55.954418182,1.838492086,1.0023855945725009,0.9937274789558633
2.458731561,55.872142792,1.83936334,0.9929355208138009,0.9938159714644912
2.458731702,55.936454773,1.838910602,1.0003146891743242,0.9939046684444695
2.458731842,55.93314743,1.841532218,0.9999338699223002,0.9939929397450346
2.458731983,55.95545578,1.839010204,1.002505344587347,0.9940820474740982
2.458732123,55.977954865,1.842824117,1.005105503220369,0.9941707287777071
2.458732264,55.952079773,1.845759054,1.0021157693619043,0.9942602516326587
2.458732405,55.934249878,1.844237058,1.0000607935999968,0.9943499844526463
2.458732545,55.881801605,1.836061419,0.9940402911151164,0.9944392897112792
2.458732686,55.969566345,1.844915897,1.0041352770338596,0.9945294443165729
2.458732827,55.895744324,1.829238001,0.9956372207128419,0.9946198122554856
2.458732967,55.924346924,1.835815743,0.9989212543042095,0.9947097514786494
2.458733108,55.947784424,1.836100435,1.001620325255801,0.9948005479685603
2.458733249,55.931713104,1.839995707,0.999768761592029,0.9948915612126793
2.458733389,55.900867462,1.840344182,0.9962246437252122,0.9949821445669529
2.45873353,55.943019867,1.838809668,1.001071047210841,0.9950735932329675
2.45873367,55.958450317,1.837239602,1.0028510267248614,0.9951646112151218
2.458733811,55.973678589,1.842811334,1.0046107869781014,0.9952564999358624
2.458733952,55.909786224,1.837992477,0.9972481029308691,0.9953486112269034
2.458734092,55.952095032,1.835928394,1.0021175298376408,0.9954402906236901
2.458734233,55.895950317,1.837736414,0.9956608333464998,0.9955328490144781
2.458734374,55.946685791,1.844932808,1.0014936435226898,0.9956256335367741
2.458734514,55.98091507,1.832451904,1.0054481077803192,0.9957179849300469
2.458734655,56.031230927,1.83777796,1.0112893972958035,0.9958112236999355
2.458734795,55.950645447,1.832124601,1.0019503007580342,0.9959040285044789
2.458734936,55.931453705,1.835566604,0.9997389045301355,0.9959977263385057
2.458735077,55.986270905,1.841111705,1.0060682716285532,0.9960916563503451
2.458735217,55.970237732,1.838705539,1.004212895960092,0.9961851511192256
2.458735358,55.889064789,1.835734516,0.9948718601699177,0.9962795475127447
2.458735499,55.956451416,1.833017826,1.002620265184005,0.9963741797806471
2.458735639,55.96118927,1.837216699,1.0031673092314748,0.9964683754993771
2.45873578,55.939125061,1.837871037,1.0006222614615967,0.9965634815662011
2.45873592,55.986839294,1.839496498,1.0061341090813773,0.9966581501966821
2.458736061,55.918960571,1.839474127,0.9983019884886739,0.9967537350549657
2.458736202,55.973140717,1.838808204,1.0045485785797126,0.996849562055163
2.458736342,55.941867828,1.831609546,1.0009382805676597,0.9969449502603717
2.458736483,55.947048187,1.834614258,1.0015354290941132,0.9970412636297579
2.458736624,55.893764496,1.829595397,0.9954103048879984,0.9971378229669923
2.458736764,55.949417114,1.831191163,1.0018086179079,0.9972339421153135
2.458736905,55.924659729,1.831579186,0.998957229109611,0.9973309954910703
2.458737045,55.977035522,1.833179746,1.0049991251926325,0.9974276077296969
2.458737186,55.905223846,1.830540154,0.9967244227694936,0.9975251603014303
2.458737327,55.908634186,1.824539386,0.9971158434189251,0.9976229653143327
2.458737467,55.949440002,1.831283176,1.001811257755609,0.997720327732352
2.458737608,55.931396484,1.836218413,0.999732318460796,0.9978186397566056
2.458737749,55.966156006,1.836763961,1.003741101001435,0.9979172081651108
2.458737889,55.935680389,1.832373341,1.000225510841086,0.9980153324789218
2.45873803,55.888469696,1.831385175,0.9948037012335428,0.998114415796922
2.458738171,55.923923492,1.826894819,0.9988725586688231,0.9982137594811381
2.458738311,55.952316284,1.828453567,1.0021430566795495,0.9983126575254142
2.458738452,55.890331268,1.824649241,0.9950169318014893,0.9984125240939155
2.458738592,55.986423492,1.830073568,1.0060859456140825,0.9985119439658303
2.458738733,55.910194397,1.836733069,0.9972949673663155,0.9986123387679285
2.458738874,55.933273315,1.827378848,0.9999483621151135,0.9987130006513789
2.458739014,55.978164673,1.830375704,1.0051297818758813,0.998813214208409
2.458739155,55.993251801,1.832407562,1.0068771791023046,0.9989144124142832
2.458739296,55.925018311,1.83761604,0.998998470190279,0.999015881775788
2.458739436,55.937561035,1.835953694,1.0004421004872055,0.9991169011240136
2.458739577,55.951347351,1.832925414,1.0020312713171373,0.9992189149546619
2.458739717,55.980422974,1.8299982,1.0053911460875944,0.9993204776157507
2.458739858,55.947723389,1.829344394,1.0016132869805856,0.9994230413698678
2.458739999,55.919765472,1.833261904,0.9983945030766195,0.9995258831252023
2.458740139,55.930110931,1.828652905,0.9995843642694678,0.999628271919536
2.45874028,55.941871643,1.834541953,1.0009387201979725,0.9997316718239148
2.458740421,55.940250397,1.828439053,1.0007519095745039,0.9998353538668736
2.458740561,55.938411713,1.828041176,1.0005400865078915,0.9999385810878098
2.458740702,55.899032593,1.822589686,0.9960142163847935,1.0000428295403627
2.458740842,55.996311188,1.825111966,1.00723188882647,1.0001466218899948
2.458740983,55.942775726,1.832562159,1.0010429097301747,1.0002514422656563
2.458741124,55.946777344,1.824547242,1.0015041997506169,1.0003565516996975
2.458741264,55.916843414,1.82845623,0.9980586853193802,1.0004612030401585
2.458741405,55.914745331,1.826642617,0.9978176326277782,1.00056689268817
2.458741546,55.935565948,1.827388835,1.000212332449651,1.000672875555941
2.458741686,56.007671356,1.82766607,1.0085500968453684,1.000778398251728
2.458741827,56.020885468,1.819600421,1.0100856029472787,1.0008849696233402
2.458741967,55.964946747,1.827257275,1.0036013688009973,1.0009910793875503
2.458742108,55.878383636,1.818286417,0.9936492050390262,1.0010982447765182
2.458742249,55.95513916,1.831681984,1.0024688017033951,1.0012057103045526
2.458742389,55.907463074,1.821240129,0.9969814120987679,1.0013127119844905
2.45874253,55.961666107,1.834954343,1.0032223825101525,1.0014207797841244
2.458742671,55.881984711,1.827812944,0.9940612465575245,1.0015291518551905
2.458742811,55.877235413,1.828923748,0.9935178591999839,1.0016370577288267
2.458742952,55.989707947,1.829317896,1.0064664557284189,1.0017460402808982
2.458743093,55.933761597,1.817466163,1.0000045763350223,1.0018553312076346
2.458743233,55.904247284,1.826608529,0.9966123664896734,1.001964153469287
2.458743374,55.969329834,1.824181191,1.0041079354701172,1.0020740630196299
2.458743514,55.927314758,1.821913509,0.999262628547678,1.0021835021901513
2.458743655,55.934452057,1.827266063,1.0000840720035693,1.0022940357370476
2.458743796,56.010356903,1.825618632,1.0088619736430402,1.002404884402143
2.458743936,55.94311142,1.82719802,1.001081598984399,1.002515259997991
2.458744077,55.922748566,1.822102327,0.9987374519593458,1.0026267406378566
2.458744218,55.899604797,1.824023665,0.9960798333929958,1.0027385403675815
2.458744358,55.886993408,1.823683712,0.9946346348478524,1.00284986418861
2.458744499,55.936382294,1.823262001,1.000306342129993,1.0029623037352975
2.458744639,55.998413086,1.814709259,1.0074756583146693,1.0030742653936788
2.45874478,55.911460876,1.826961265,0.9974403923339592,1.003187349890462
2.458744921,55.881668091,1.818565916,0.9940250114741205,1.0033007599176982
2.458745061,55.885578156,1.81841345,0.9944725853582383,1.0034136889375564
2.458745202,55.943012238,1.820469011,1.0010701679494205,1.003527751461831
2.458745343,55.915885925,1.817646459,0.9979486703891478,1.0036421432503666
2.458745483,55.906856537,1.822996484,0.996911795165204,1.0037560507241856
2.458745624,55.943874359,1.824375468,1.0011695344487073,1.0038711023325373
2.458745764,55.895206451,1.821724824,0.995575567868947,1.0039856673107377
2.458745905,55.897548676,1.822461321,0.9958440696014389,1.0041013834694794
2.458746046,55.953056335,1.819551818,1.0022284444288003,1.0042174348283313
2.458746186,55.954574585,1.822111781,1.002403644252176,1.0043329958958418
2.458746327,55.88973999,1.817316627,0.9949491999258266,1.004449718659725
2.458746468,55.977046967,1.822791953,1.005000449434943,1.0045667799798623
2.458746608,55.922729492,1.808910092,0.9987352587588751,1.004683347107975
2.458746749,55.950839996,1.822852007,1.0019727429741145,1.0048010863431085
2.458746889,55.926834106,1.824431528,0.9992073337751152,1.004918328645835
2.45874703,55.94096756,1.817100112,1.0008345415099194,1.0050367499135446
2.458747171,55.867271423,1.81947179,0.9923788018825035,1.0051555149023952
2.458747311,55.998462677,1.811835442,1.0074814103872929,1.00527377860911
2.458747452,56.030231476,1.824873213,1.011173038915353,1.0053932314441998
2.458747593,55.929946899,1.821250116,0.9995654874150448,1.0055130307971496
2.458747733,55.943523407,1.820014009,1.0011290831688942,1.0056323242139917
2.458747874,55.970180511,1.822939625,1.0042062804170402,1.005752816726571
2.458748014,55.899906158,1.821618431,0.9961143934478288,1.005872800021115
2.458748155,55.974544525,1.804532255,1.0047109462073456,1.00599398891829
2.458748296,55.838596344,1.81880813,0.9891080235271282,1.0061155283768795
2.458748436,55.902870178,1.810478029,0.9964543709203589,1.0062365533906155
2.458748577,55.944065094,1.813524552,1.0011915195504952,1.006358793551651
2.458748718,55.915996552,1.818275764,0.9979613807475817,1.0064813862684985
2.458748858,55.967811584,1.819955553,1.0039324377712089,1.0066034589255572
2.458748999,55.927402496,1.813767698,0.9992727223608577,1.0067267559556035
2.45874914,55.93409729,1.804739316,1.0000432253436198,1.0068504071595237
2.45874928,55.939620972,1.824485856,1.0006793924836106,1.0069735322617275
2.458749421,55.854782104,1.808360416,0.9909528996969921,1.0070978905882728
2.458749561,55.95161438,1.814796611,1.0020620770874722,1.0072217185338317
2.458749702,55.913944244,1.813028005,0.9977256095987759,1.0073467853608493
2.458749843,55.927463531,1.813137861,0.9992797441890688,1.0074722080826048
2.458749983,55.892124176,1.812580195,0.9952223405764906,1.0075970935768574
2.458750124,56.007713318,1.818825174,1.008554969216899,1.0077232260410294
2.458750265,55.96818924,1.808343372,1.003976088953416,1.0078497147567647
2.458750405,55.958408356,1.811006666,1.0028461820247738,1.007975658851803
2.458750546,55.94190979,1.80791953,1.0009431161660074,1.0081028574524973
2.458750686,55.959079742,1.818968852,1.0029237011894339,1.0082295061795825
2.458750827,55.926174164,1.820335453,0.9991314182542528,1.0083574140827187
2.458750968,55.92269516,1.819328778,0.9987313111481448,1.0084856774963695
2.458751108,55.926258087,1.807280371,0.9991410719010969,1.0086133826084767
2.458751249,55.979125977,1.812223065,1.0052410299794996,1.0087423533248667
2.45875139,55.944065094,1.810486551,1.0011915195504952,1.008871678184166
2.45875153,55.937160492,1.816532858,1.0003959669467561,1.009000435608634
2.458751671,55.934352875,1.809754315,1.0000726523590366,1.0091304642741739
2.458751811,55.911266327,1.810082815,0.9974180516336066,1.009259918998171
2.458751952,55.97713089,1.81194543,1.005010159788596,1.0093906482242476
2.458752093,55.935646057,1.796348761,1.0002215573399706,1.009521727505164
2.458752233,55.953914642,1.81003155,1.0023274857738484,1.0096522223751376
2.458752374,55.910072327,1.808079319,0.997280951652752,1.0097839958197834
2.458752515,55.924751282,1.80617982,0.9989677586025029,1.0099161156185805
2.458752655,55.996276855,1.812771676,1.007227907515915,1.0100476396257136
2.458752796,56.017837524,1.810300928,1.0097312184941385,1.0101804451724004
2.458752936,55.966098785,1.81414347,1.003734488566469,1.0103126467968948
2.458753077,55.979969025,1.798920842,1.0053386028941713,1.0104461312519604
2.458753218,55.886005402,1.809046579,0.9945215031895485,1.0105799534572468
2.458753358,55.902732849,1.81293546,0.9964386165179624,1.0107131586270068
2.458753499,55.912876129,1.80505783,0.9976029255431155,1.0108476474221024
2.45875364,55.982429504,1.809061626,1.0056234286300172,1.0109824671263299
2.45875378,55.984195709,1.814099395,1.0058279347653165,1.0111166554962494
2.458753921,56.01858902,1.801746589,1.0098185833847948,1.0112521267609054
2.458754062,55.944980621,1.801720623,1.0012970546442828,1.0113879206574103
2.458754202,55.925655365,1.807802617,0.9990717429737264,1.011523067610503
2.458754343,55.990192413,1.808827268,1.006522594177872,1.0116594950108582
2.458754483,55.943695068,1.806649868,1.0011488688816899,1.011795264281117
2.458754624,55.878925323,1.811515862,0.9937111749308072,1.011932311313946
2.458754765,55.904529572,1.803253938,0.9966447565262812,1.0120696635375654
2.458754905,55.969543457,1.815015123,1.0041326310621865,1.0122063395265566
2.458755046,55.969116211,1.810472969,1.00408324048541,1.0123442874878519
2.458755187,55.946670532,1.801676015,1.0014918841429692,1.0124825276653975
2.458755327,55.96383667,1.802701731,1.003473114395813,1.0126200717912464
2.458755468,55.882129669,1.804966617,0.9940778364911527,1.012758879762093
2.458755608,55.919345856,1.795632903,0.9983462717260202,1.0128969774455836
2.458755749,55.917419434,1.800253621,0.9981248755256928,1.0130363321263343
2.45875589,55.921398163,1.809418357,0.9985821894276622,1.0131759525213717
2.45875603,55.99105072,1.798849336,1.00662205987564,1.0133148395392801
2.458756171,55.938632965,1.798697669,1.0005655731677405,1.0134549708863387
2.458756312,55.897342682,1.800226057,0.9958204525075867,1.0135953486855285
2.458756452,55.951892853,1.795923054,1.0020942041023946,1.0137349677650398
2.458756593,55.988212585,1.79073788,1.0062931974659666,1.0138758153361749
2.458756733,55.930843353,1.798538278,0.9996686559745055,1.014015885943533
2.458756874,55.930885315,1.801128469,0.9996734854392136,1.0141571725522043
2.458757015,55.972427368,1.794545934,1.0044660810660808,1.0142986669828993
2.458757155,55.911045074,1.794527158,0.9973926450333944,1.0144393547922539
2.458757296,55.957157135,1.799569588,1.0027017302895682,1.0145812366181735
2.458757437,55.885681152,1.802735287,0.994484377737597,1.0147232985861163
2.458757577,55.888690948,1.794494135,0.9948290417710102,1.0148645212981582
2.458757718,55.926319122,1.791818457,0.9991480928042084,1.0150069117541831
2.458757858,55.898910522,1.790516571,0.9960002185558885,1.01514843940841
2.458757999,55.861484528,1.794191467,0.9917178587265042,1.0152911146847896
2.45875814,55.937324524,1.80460962,1.000414859484835,1.0154339152204868
2.45875828,55.954463959,1.793749515,1.0023908774310444,1.0155758145979958
2.458758421,56.020343781,1.793546582,1.010022611912173,1.0157188270133728
2.458758562,55.975967407,1.794146992,1.004875546758414,1.0158619257150845
2.458758702,55.913188934,1.80311785,0.9976388528706799,1.0160040809417286
2.458758843,55.942741394,1.78894504,1.0010389529982007,1.0161473088257433
2.458758984,55.905982971,1.781645715,0.9968115377944456,1.0162905788487269
2.458759124,55.965629578,1.804496702,1.0036802688437287,1.016432858664162
2.458759265,55.977653503,1.794706256,1.005070631104479,1.0165761642631075
2.458759405,55.916107178,1.797930279,0.9979740911530036,1.0167184458394434
2.458759546,55.976467133,1.801165753,1.004933362008683,1.0168617180051804
2.458759687,55.954349518,1.791429236,1.0023776705099947,1.0170049455795531
2.458759827,55.848934174,1.792040565,0.9902859475402725,1.0171470938789624
2.458759968,55.922401428,1.784051348,0.998697537476422,1.0172901732943842
2.458760109,55.988483429,1.792193563,1.0063245762579485,1.017433146974973
2.458760249,55.925071716,1.786234208,0.9990046125291222,1.0175749802053695
2.45876039,55.932529449,1.795055663,0.9998627294661547,1.0177176762809752
2.45876053,55.976711273,1.788213736,1.0049616087271294,1.0178591875434626
2.458760671,55.919136047,1.788595233,0.9983221568095434,1.0180015107888876
2.458760812,55.909248352,1.790281813,0.997186350451119,1.0181436086237288
2.458760952,55.896812439,1.791222841,0.9957596630283924,1.0182844489993144
2.458761093,55.923103333,1.794173224,0.9987782452851185,1.0184260159891645
2.458761234,55.901851654,1.789118944,0.9963375316291633,1.0185672734305455
2.458761374,55.881313324,1.78429556,0.9939844122857506,1.018707192764258
2.458761515,55.856147766,1.784637909,0.991108717139936,1.0188477413834738
2.458761655,55.971374512,1.784446428,1.0043443325646377,1.0189868932793515
2.458761796,55.925125122,1.786118494,0.9990107550207473,1.0191266022998668
2.458761937,55.858909607,1.784836182,0.9914239087939962,1.0192658374147825
2.458762077,55.946861267,1.783548943,1.0015138763233695,1.0194035796029979
2.458762218,55.968761444,1.787434095,1.0040422304865186,1.0195417582983528
2.458762359,55.915908813,1.784363604,0.9979513000655791,1.0196793476858295
2.458762499,55.94203949,1.786249122,1.0009580626247876,1.0198153370502885
2.45876264,55.995220184,1.780955024,1.0071053819222595,1.0199516259779997
2.45876278,55.920742035,1.785854308,0.998506759849802,1.0200862368657746
2.458762921,55.952293396,1.784375987,1.0021404159575265,1.0202210460767616
2.458763062,55.945518494,1.77439952,1.0013590618017452,1.0203550406881632
2.458763202,55.933887482,1.780691903,1.0000190695525943,1.0204872289103262
2.458763343,55.896526337,1.779862861,0.9957268645297811,1.0206194466377536
2.458763484,55.879428864,1.783289151,0.9937687843230275,1.0207506915948625
2.458763624,55.960586548,1.779819452,1.003097700929427,1.0208799868726002
2.458763765,55.931846619,1.779446742,0.9997841296381003,1.0210091204326215
2.458763906,55.972160339,1.778450321,1.0044352013909488,1.0211371031565188
2.458764046,55.889133453,1.780710679,0.9948797248969936,1.021262976053292
2.458764187,55.936000824,1.781670615,1.000262411283871,1.021388470739887
2.458764327,55.946666718,1.780684313,1.0014914443849983,1.021511738547798
2.458764468,55.981327057,1.775252397,1.0054957990809068,1.0216344683870449
2.458764609,55.962242126,1.779703072,1.0032889150519444,1.0217556994764263
2.458764749,55.943752289,1.784956556,1.0011554642830265,1.0218745104581013
2.45876489,55.939582825,1.783048668,1.000674997673804,1.0219925174351983
2.458765031,55.926094055,1.772786177,0.9991222034181189,1.0221087810725655
2.458765171,55.895324707,1.770316894,0.9955891224489282,1.0222224079860986
2.458765312,55.959587097,1.776733913,1.0029822850808825,1.0223349298795632
2.458765452,55.82138443,1.784372525,0.987149952873554,1.0224446563204939
2.458765593,55.928096771,1.777453366,0.9993525987841098,1.02255305565397
2.458765734,55.883575439,1.776354946,0.9942433149386257,1.0226592329935174
2.458765874,55.952594757,1.775278895,1.0021751862907515,1.0227623521661589
2.458766015,55.914020538,1.774450386,0.9977343733311215,1.022863774387398
2.458766156,55.913909912,1.76681244,0.9977216659787946,1.0229626374802931
2.458766296,55.936458588,1.777410223,1.0003151285307443,1.0230581469618363
2.458766437,55.953361511,1.7826697,1.0022636580285167,1.023151540875563
2.458766577,55.95255661,1.777022733,1.002170784911679,1.0232413641116016
2.458766718,55.918445587,1.767755465,0.9982428011938481,1.023328762774778
2.458766859,55.968261719,1.768424851,1.0039844666199051,1.0234129410485808
2.458766999,55.921760559,1.76459163,0.9986238535237534,1.0234931883980871
2.45876714,55.865821838,1.772618131,0.9922131979600912,1.0235704962222971
2.458767281,55.935649872,1.767644411,1.0002219966554857,1.023644116751256
2.458767421,55.91583252,1.78202162,0.9979425345427215,1.0237133998978267
2.458767562,55.889431,1.770860445,0.9949138064430694,1.0237791600398682
2.458767702,55.913570404,1.764917601,0.9976826684918971,1.0238402833531612
2.458767843,55.95357132,1.769497439,1.0022878681537124,1.0238974525118907
2.458767984,55.916969299,1.75453327,0.9980731503348595,1.023950015978532
2.458768124,55.920055389,1.774708979,0.9984278279727333,1.0239974442581483
2.458768265,55.958904266,1.771995617,1.0029034399071663,1.0240401990033565
2.458768406,55.896064758,1.777481995,0.9956739517692312,1.0240776976669628
2.458768546,55.969120026,1.76449762,1.0040836814970464,1.024109496970408
2.458768687,55.899898529,1.76788383,0.9961135185399392,1.0241358063096475
2.458768828,55.923221588,1.758776218,0.9987918433539787,1.0241561218496977
2.458768968,55.916320801,1.76041859,0.9979986358858759,1.0241700985425206
2.458769109,55.895496368,1.762881481,0.9956087986732746,1.024177658032608
2.458769249,55.942630768,1.762484137,1.0010262035580604,1.024178405746699
2.45876939,55.957523346,1.76235311,1.002744006689527,1.0241720496593834
2.458769531,55.931587219,1.763622639,0.9997542720021554,1.0241582420709305
2.458769671,55.88211441,1.760406073,0.9940760901391937,1.024136832577735
2.458769812,55.898700714,1.760173046,0.995976160422668,1.0241071710922098
2.458769953,55.925483704,1.766733344,0.999051998311186,1.024069021038489
2.458770093,55.956157684,1.759742147,1.0025863600011784,1.0240223704951708
2.458770234,55.852249146,1.756753015,0.9906639625553885,1.0239661611720727
2.458770374,55.907218933,1.756271648,0.9969533895670148,1.0239007850146313
2.458770515,55.956687927,1.750974221,1.0026475662389231,1.0238248806855303
2.458770656,55.963603973,1.753939385,1.0034462314782042,1.0237384313034448
2.458770796,55.924583435,1.761996646,0.9989484546361502,1.0236416988178942
2.458770937,55.945911407,1.756865933,1.0014043600853428,1.0235328140350481
2.458771078,55.934326172,1.75616379,1.0000695778439204,1.0234119160997055
2.458771218,55.976654053,1.759100059,1.0049549883674147,1.0232794616142866
2.458771359,55.86926651,1.756044081,0.9926067704072074,1.0231330022448955
2.458771499,55.926021576,1.755727698,0.9991138663243876,1.0229740396692053
2.45877164,55.977226257,1.750375543,1.0050211943900094,1.0227996954257397
2.458771781,55.892074585,1.746054431,0.9952166584952925,1.022610416818562
2.458771921,55.911746979,1.754825285,0.9974732473897334,1.0224070453936365
2.458772062,55.903266907,1.74616655,0.9964998851268398,1.0221859814727636
2.458772203,55.942420959,1.741063933,1.0010020239081998,1.0219478912079036
2.458772343,55.921138763,1.752270382,0.9985523676865592,1.0216938899445052
2.458772484,55.906684875,1.75144347,0.9968920930749569,1.0214195549248544
2.458772624,55.926292419,1.745898503,0.999145021131458,1.0211279546690155
2.458772765,55.938095093,1.750847322,1.0005036152606628,1.0208140546999454
2.458772906,55.87361908,1.758613233,0.9931042983868372,1.0204789539003438
2.458773046,55.923522949,1.737840709,0.9988264975048979,1.0201243099720094
2.458773187,55.927726746,1.742201769,0.9993100265682139,1.0197440620207483
2.458773328,55.881931305,1.743939481,0.9940551344983187,1.0193396168872284
2.458773468,55.916126251,1.735006307,0.9979762825670714,1.0189130189481421
2.458773609,55.873188019,1.732027295,0.9930550140961717,1.0184570350227795
2.45877375,55.955947876,1.745335111,1.002562142781379,1.0179734226357064
2.45877389,55.94511795,1.740859003,1.0013128858620377,1.0174646670578982
2.458774031,55.866390228,1.744412459,0.9922781288463814,1.016922196005305
2.458774171,55.847663879,1.733110536,0.9901411306754687,1.016352352457418
2.458774312,55.90102005,1.745659084,0.9962421448986671,1.015745568340729
2.458774453,55.835330963,1.727709379,0.9887362472730027,1.0151042983722183
2.458774593,55.897678375,1.727462637,0.9958589398046865,1.014431905689664
2.458774734,55.839874268,1.734345044,0.9892535581727846,1.0137171509189358
2.458774875,55.921302795,1.739154979,0.998571225408155,1.012962988444934
2.458775015,55.928222656,1.728494212,0.9993670825524725,1.0121734111830625
2.458775156,55.859642029,1.727862244,0.9915075123543104,1.0113352713717798
2.458775296,55.897171021,1.729119523,0.9958007721003239,1.010458523236813
2.458775437,55.89894104,1.721724057,0.9960037180233386,1.009528600999664
2.458775578,55.828784943,1.727227613,0.9879913783822603,1.0085494600557618
2.458775718,55.830745697,1.727188864,0.9882144328760568,1.007526355150898
2.458775859,55.880260468,1.720316177,0.9938639342378267,1.0064423439196069
2.458776,55.883132935,1.71786061,0.9941926643483552,1.0053021057793103
2.45877614,55.877960205,1.726657031,0.9936007665210617,1.0041118072149953
2.458776281,55.848293304,1.723494127,0.9902128840811146,1.002851799229138
2.458776421,55.887046814,1.720457325,0.9946407504701809,1.0015372225542243
2.458776562,55.836162567,1.710453293,0.9888309153398317,1.0001464232800543
2.458776703,55.890071869,1.710249561,0.9949872166480875,0.9986855485125744
2.458776843,55.827877045,1.715398517,0.9878881133678564,0.9971626077221893
2.458776984,55.869777679,1.721516331,0.992665187536797,0.9955526013753095
2.458777125,55.898338318,1.711943465,0.9959346067923336,0.9938627525200995
2.458777265,55.866081238,1.709066718,0.9922428303820514,0.9921024153393712
2.458777406,55.876121521,1.709588432,0.993390457093381,0.9902428064333688
2.458777546,55.882579803,1.710487648,0.9941293545101928,0.9883065689911466
2.458777687,55.858039856,1.711351444,0.9913246387363287,0.9862621377204555
2.458777828,55.881481171,1.70568224,0.9940036203255257,0.9841189526564231
2.458777968,55.888156891,1.707510367,0.9947678760064742,0.9818891169914843
2.458778109,55.830623627,1.698520467,0.9882005447778675,0.9795364685705991
2.45877825,55.825187683,1.701259395,0.9875822866071704,0.977072100988694
2.45877839,55.800884247,1.694735849,0.9848228576417792,0.9745101463863193
2.458778531,55.856357574,1.697898886,0.9911326576984558,0.97180932073689
2.458778671,55.826164246,1.703720023,0.9876933276840235,0.9690031804661006
2.458778812,55.826339722,1.689128564,0.9877132816820953,0.966046734300185
2.458778953,55.826618195,1.695205231,0.9877449486616827,0.962954546669354
2.458779093,55.843212128,1.685321042,0.9896337868601979,0.9597449452721387
2.458779234,55.872608185,1.698866279,0.99298872407106,0.956366933322709
2.458779375,55.778812408,1.683078927,0.9823234870617221,0.952837707382016
2.458779515,55.753238678,1.671855833,0.9794355008835153,0.9491787201577346
2.458779656,55.81256485,1.685566719,0.9861481177462623,0.9453324796833509
2.458779797,55.769016266,1.681468513,0.981216225019214,0.941319335895934
2.458779937,55.805778503,1.67093185,0.9853779341620417,0.9371644237972475
2.458780078,55.774822235,1.680752789,0.9818723253911098,0.9328033483939275
2.458780218,55.915931702,1.677940091,0.997953929863833,0.9282931126799403
2.458780359,55.78245163,1.670943035,0.9827351480895328,0.9235645645046904
2.4587805,55.77551651,1.670804817,0.9819508109213233,0.918644755146451
2.45878064,55.785057068,1.67636097,0.98302997563901,0.9135664395298655
2.458780781,55.775218964,1.67908565,0.9819171735457861,0.9082532250722264
2.458780922,55.782505035,1.660791997,0.9827411904333937,0.902737240485904
2.458781062,55.730037689,1.652323145,0.9768228093549304,0.8970568445103576
2.458781203,55.655796051,1.644151767,0.9685091100737999,0.8911285250337212
2.458781343,55.716640472,1.646132893,0.975317307865179,0.8850346780582307
2.458781484,55.686561584,1.652356434,0.9719456643861176,0.8786872816940834
2.458781625,55.749931335,1.659205152,0.9790626303269905,0.8721289867552601
2.458781765,55.60534668,1.610650399,0.9629001217590935,0.8654093441489034
2.458781906,55.627220154,1.647455419,0.9653280265412081,0.8584342020431062
2.458782047,55.645896912,1.637557248,0.9674059478776907,0.8512538142730119
2.458782187,55.627376556,1.62396261,0.9653454088243831,0.8439254816743407
2.458782328,55.714435577,1.631565402,0.9750697570187185,0.8363500915423451
2.458782468,55.565505981,1.615074709,0.9584935763753075,0.828642056950195
2.458782609,55.160533905,1.578189661,0.9148304316058817,0.8206998373291916
2.45878275,55.351806641,1.595797417,0.9351994433923647,0.8125881043793608
2.45878289,55.246734619,1.569231986,0.9239546140162851,0.804378038630029
2.458783031,55.304279327,1.573564416,0.9300962084531847,0.795966084153181
2.458783172,53.414459229,1.587408859,0.7482330184410684,0.7874260116855477
2.458783312,51.176700592,1.975283891,0.5782943340257706,0.7788370932826378
2.458783453,51.236488342,1.975513189,0.5822886497614992,0.7700960063537204
2.458783593,51.270587921,1.999246216,0.5845791260660579,0.7613478121365689
2.458783734,51.241355896,2.009866236,0.582615054526774,0.7524906778691971
2.458783875,51.357345581,1.992394701,0.5904473620939699,0.7436119626841985
2.458784015,51.358455658,2.004403161,0.5905228274693063,0.7348013341585022
2.458784156,51.482872009,2.004723539,0.5990423246768469,0.7259611671239191
2.458784297,51.402004242,2.008662487,0.5934909757364172,0.7171842772289464
2.458784437,51.420097351,2.004826337,0.5947285333278437,0.7085628919130794
2.458784578,51.559875488,2.051991053,0.6043766568644666,0.7000056938491801
2.458784719,51.571552277,2.026150934,0.6051896909626706,0.6916073714621721
2.458784859,51.487071991,2.03910668,0.5993320561229212,0.6834584990231855
2.458785,51.54782486,2.029733951,0.6035387382773073,0.6754756432187217
2.45878514,51.552944183,2.032497646,0.6038945591044701,0.6678043884501198
2.458785281,51.661148071,2.026712195,0.6114645887697928,0.6603671020359538
2.458785422,51.773662567,2.049903135,0.6194368474519961,0.6532505684599486
2.458785562,51.615226746,2.0514744,0.6082403745616751,0.6465309950516489
2.458785703,51.763782501,2.032606836,0.6187326481398722,0.6401398313619431
2.458785844,51.633857727,2.036500777,0.6095464327269916,0.6341516610850153
2.458785984,51.731925964,2.057504729,0.6164675286377229,0.6286270392322357
2.458786125,51.85043335,2.063413218,0.624936045774276,0.6235066088118999
2.458786265,51.795894623,2.051485851,0.6210243640572708,0.6188791921437797
2.458786406,51.855804443,2.063456761,0.6253226069420793,0.6146915977486352
2.458786547,52.010211945,2.084887351,0.6365382486209027,0.6109879217709441
2.458786687,51.840873718,2.071061417,0.6242486237005215,0.6077949207715264
2.458786828,51.854171753,2.066483709,0.625205075858823,0.6050689678303214
2.458786969,52.021202087,2.08759006,0.63734416184902,0.6028329777863175
2.458787109,52.046215057,2.098583722,0.639182182732668,0.6010925329002049
2.45878725,51.95217514,2.078633849,0.6322992470097822,0.5998143602136348
2.45878739,52.035995483,2.085235826,0.6384305811569081,0.5990052421745305
2.458787531,52.16677475,2.098232052,0.6481158539530323,0.598639408005785
2.458787672,51.974124908,2.089629242,0.6338991260606639,0.5987075283956632
2.458787812,52.13879776,2.092315973,0.646031650607147,0.599185916671722
2.458787953,52.04511261,2.090370933,0.639101060384621,0.6000609502117186
2.458788094,52.114772797,2.107023546,0.6442472115081995,0.6013087140587281
2.458788234,52.135761261,2.09522774,0.6458058439607396,0.6028937387331023
2.458788375,52.278251648,2.122473476,0.6564875435367694,0.6048151715271342
2.458788515,52.213855743,2.10871958,0.6516384391746062,0.6070221340238547
2.458788656,52.327720642,2.121077313,0.6602371231007944,0.6095222390797322
2.458788797,52.130371094,2.111807382,0.645405203194907,0.6122769011439023
2.458788937,52.314689636,2.114953508,0.659247344994455,0.615240737228566
2.458789078,52.253604889,2.114840323,0.6546273592209666,0.6184333832289228
2.458789219,52.422264099,2.126664892,0.6674628716009549,0.6218123882815468
2.458789359,52.436702728,2.122775611,0.6685733235704361,0.6253309055314763
2.4587895,52.330287933,2.122208092,0.6604322984274714,0.6290191317409352
2.458789641,52.410484314,2.133617207,0.666558273423908,0.6328333698042983
2.458789781,52.468177795,2.119407911,0.6710004282891469,0.6367274465357813
2.458789922,52.565181732,2.115775625,0.6785361561563946,0.6407402073693703
2.458790062,52.693836212,2.12692668,0.6886613636779496,0.6447992297519937
2.458790203,52.551647186,2.129552424,0.677479669393445,0.648947972326995
2.458790344,52.573184967,2.142961973,0.6791616518914785,0.6531441889900746
2.458790484,52.521087646,2.128345213,0.6751002828114513,0.6573453551638955
2.458790625,52.531867981,2.128056127,0.6759386915109931,0.661600176707187
2.458790766,52.704288483,2.125793772,0.6894905715292993,0.6658683747665151
2.458790906,52.688694,2.13983702,0.6882537837015698,0.6701102276588269
2.458791047,52.717948914,2.143535884,0.6905757970100841,0.6743778511904406
2.458791187,52.748630524,2.12790659,0.6930194664498391,0.6786031407474252
2.458791328,52.800144196,2.148407471,0.6971417903619681,0.6828396002811458
2.458791469,52.906715393,2.13141424,0.705748034429957,0.6870508365817417
2.458791609,52.879638672,2.151714585,0.7035514156204328,0.6912018469091984
2.45879175,52.891941071,2.146646323,0.7045486079719372,0.695347120870943
2.458791891,52.898483276,2.142165421,0.7050794733081198,0.6994526396671579
2.458792031,52.759159088,2.14126727,0.6938600163656038,0.7034860417065149
2.458792172,52.877101898,2.14331391,0.7033459685776859,0.7075017462840373
2.458792312,52.92622757,2.142383401,0.7073352247018654,0.7114400674569501
2.458792453,53.021461487,2.137170796,0.7151332681352904,0.715354925121528
2.458792594,53.043258667,2.143201125,0.7169301438084097,0.7192160295577803
2.458792734,53.112876892,2.151037476,0.7226994966239842,0.7229949493939192
2.458792875,53.059410095,2.143506856,0.7182645169996767,0.7267443466024657
2.458793016,53.118186951,2.152268389,0.7231414490783147,0.7304359788671011
2.458793156,53.051368713,2.160077843,0.7175998566375821,0.7340434873704011
2.458793297,53.164180756,2.150228541,0.7269808073491976,0.7376178368532124
2.458793437,53.187286377,2.147358452,0.7289172473819454,0.7411079607064893
2.458793578,53.118015289,2.156784977,0.7231271575450414,0.7445635273922692
2.458793719,53.234783173,2.155681363,0.732914082152208,0.7479593656425739
2.458793859,53.335479736,2.153109549,0.7414602861025348,0.7512721368368057
2.458794,53.382530212,2.152137095,0.7454875899943452,0.7545494047164882
2.458794141,53.192214966,2.161591051,0.7293309704565155,0.7577676470402287
2.458794281,53.473987579,2.153941653,0.7533786118424254,0.76090511001407
2.458794422,53.332302094,2.156354744,0.7411890802133595,0.7640071473405309
2.458794563,53.415222168,2.151893416,0.7482987435707221,0.7670517520431794
2.458794703,53.437244415,2.148965404,0.7501983910290799,0.7700186072261219
2.458794844,53.385494232,2.14465854,0.7457420276255209,0.7729508229253169
2.458794984,53.554080963,2.155980569,0.7603577130473649,0.7758075733560293
2.458795125,53.54359436,2.13924673,0.7594402758660199,0.7786304818677493
2.458795266,53.341716766,2.161147102,0.741992893697956,0.781399798512317
2.458795406,53.492015839,2.149972212,0.7549439334376273,0.7840973175756544
2.458795547,53.501602173,2.147976439,0.755777600473388,0.7867624687378084
2.458795688,53.478939056,2.154757113,0.7538082051810507,0.7893767138479084
2.458795828,53.506801605,2.148382438,0.7562301494679138,0.7919229685573217
2.458795969,53.624347687,2.143812453,0.7665337687931535,0.7944385391409082
2.458796109,53.726406097,2.151874375,0.7755935923886637,0.7968886712199664
2.45879625,53.751186371,2.148615331,0.7778094694605555,0.7993093050989828
2.458796391,53.814224243,2.152942435,0.7834749579713646,0.8016837137871178
2.458796531,53.697120667,2.136050004,0.7729829969151913,0.803996476404798
2.458796672,53.706001282,2.154844065,0.7737737132503884,0.8062815623739259
2.458796813,53.693470001,2.146256703,0.7726581816198828,0.808523221110715
2.458796953,53.681900024,2.148742897,0.7716296530044727,0.8107069235072302
2.458797094,53.805534363,2.157383656,0.7826915150459729,0.8128647703497328
2.458797234,53.796813965,2.145580792,0.7819061082881267,0.8149670395299818
2.458797375,53.820476532,2.145624601,0.7840391230155404,0.8170446456414114
2.458797516,53.830871582,2.155126361,0.7849780026355293,0.8190833037257071
2.458797656,53.874343872,2.137229918,0.7889166124477087,0.8210698183624373
2.458797797,53.831600189,2.149151292,0.785043852477099,0.823033410054675
2.458797938,53.85748291,2.148890303,0.7873866608622486,0.8249605873994317
2.458798078,53.803771973,2.13674216,0.7825327209761194,0.8268388752952547
2.458798219,53.941082001,2.139793477,0.7950016090889471,0.8286959032315564
2.458798359,53.965976715,2.140634104,0.797283439471729,0.8305061042940491
2.4587985,53.847682953,2.147776169,0.7864987835874363,0.8322961041137217
2.458798641,54.058193207,2.140192285,0.8057931440927575,0.8340536072841016
2.458798781,53.977809906,2.146606908,0.798370355953378,0.8357672229465213
2.458798922,54.124771118,2.134340122,0.8119933332063859,0.8374621495266579
2.458799063,53.985675812,2.137700365,0.7990936843425351,0.839126741764838
2.458799203,54.193698883,2.13090238,0.8184626242055336,0.8407501978936663
2.458799344,54.161483765,2.138566292,0.8154326485285562,0.8423563813449916
2.458799485,54.128746033,2.138516891,0.8123650099430199,0.8439342513891084
2.458799625,54.069087982,2.14407038,0.8068044904730822,0.8454735539811701
2.458799766,54.069248199,2.133359413,0.8068193726547152,0.8469969046783242
2.458799906,54.198665619,2.127246127,0.8189307685653701,0.8484833006207169
2.458800047,54.107257843,2.139749535,0.810357768368093,0.8499545721603958
2.458800188,54.149116516,2.128343882,0.8142724354700664,0.8514005944027571
2.458800328,54.190784454,2.131158843,0.8181880465668705,0.8528119434799354
2.458800469,54.208297729,2.1296973,0.8198394154465335,0.8542093353184995
2.45880061,54.246170044,2.127875298,0.8234218931144457,0.8555831454423035
2.45880075,54.249977112,2.12507352,0.8237828820718222,0.8569244039538264
2.458800891,54.287986755,2.128007657,0.8273956730391862,0.8582527855426206
2.458801031,54.375431061,2.124691223,0.8357674647657589,0.8595499442836444
2.458801172,54.268436432,2.125745568,0.8255354534690759,0.8608348996425219
2.458801313,54.295043945,2.126232661,0.8280681961143623,0.8620987879143173
2.458801453,54.350284576,2.133717741,0.8333513368076759,0.8633333301390873
2.458801594,54.295619965,2.121503153,0.8281231127295345,0.8645566154740929
2.458801735,54.386985779,2.1116669,0.8368800144233415,0.8657601973446536
2.458801875,54.468456268,2.119827359,0.8447665736087314,0.8669361761337081
2.458802016,54.361141205,2.125502156,0.8343936068869393,0.8681017710736301
2.458802156,54.389671326,2.109723326,0.8371388051961055,0.8692408540087017
2.458802297,54.471763611,2.117641969,0.8450882982591041,0.8703700962378903
2.458802438,54.495346069,2.115315697,0.8473858565875095,0.8714816874980348
2.458802578,54.547298431,2.098999708,0.8524694599461129,0.8725683076657956
2.458802719,54.543029785,2.121147887,0.8520506201393389,0.8736458492146771
2.45880286,54.400989532,2.122390252,0.8382303554801662,0.8747068519452798
2.458803,54.538398743,2.108652202,0.8515964547458773,0.8757443150437316
2.458803141,54.517208099,2.110812026,0.8495213786148574,0.8767734015861104
2.458803281,54.520347595,2.117274586,0.8498284917768313,0.8777798450498383
2.458803422,54.447788239,2.105100611,0.842758845598174,0.8787783484692435
2.458803563,54.544235229,2.095618026,0.8521688775228912,0.8797619873755356
2.458803703,54.57409668,2.105969733,0.855103613384224,0.8807242503957492
2.458803844,54.556674957,2.101472852,0.8533902082312166,0.8816791856629559
2.458803985,54.67004776,2.104023894,0.8646021190756645,0.8826201643929115
2.458804125,54.587947845,2.099994399,0.8564683129789324,0.8835409458049963
2.458804266,54.61738205,2.100030484,0.8593755829740121,0.884454963548943
2.458804407,54.679275513,2.088682222,0.8655211469082587,0.8853558668309462
2.458804547,54.702716827,2.101489098,0.8678601537562421,0.88623766957588
2.458804688,54.733612061,2.101317856,0.8709525813562247,0.8871132284345509
2.458804828,54.643325806,2.110382591,0.861946276534514,0.8879703748641912
2.458804969,54.605724335,2.097152673,0.8582229508303785,0.8888216007499078
2.45880511,54.753879547,2.084706389,0.8729872180431415,0.8896609825308599
2.45880525,54.733810425,2.083601444,0.8709724719624641,0.8904829262453455
2.458805391,54.659229279,2.083863232,0.8635259070479798,0.8912994033086806
2.458805532,54.839805603,2.085583768,0.8816661918660219,0.8921047269654054
2.458805672,54.863162994,2.081158925,0.8840402878713736,0.8928935209518869
2.458805813,54.86315155,2.081410727,0.8840391231144157,0.893677266935788
2.458805953,54.925735474,2.086411478,0.8904318405048168,0.8944450540690383
2.458806094,54.864875793,2.081320047,0.8842146318576923,0.8952080538594371
2.458806235,54.776832581,2.084740478,0.8752971949074787,0.8959609445559054
2.458806375,54.844978333,2.081281165,0.8821914091574606,0.8966986860112625
2.458806516,54.854343414,2.078388439,0.8831430963031094,0.8974320064014757
2.458806657,54.878189087,2.082179981,0.885570950677423,0.898155786869141
2.458806797,54.81502533,2.080643471,0.8791544407269591,0.8988651744231339
2.458806938,54.925128937,2.082273458,0.8903696636843343,0.8995704791802294
2.458807078,54.907924652,2.076905325,0.8886078392059323,0.9002618671048032
2.458807219,55.022663116,2.065815522,0.9004240025025104,0.9009493830906539
2.45880736,54.959323883,2.073673978,0.8938818142342074,0.9016282219151728
2.4588075,54.947662354,2.058869199,0.8926825088433623,0.9022938203253127
2.458807641,54.929801941,2.062586839,0.8908488109682053,0.9029558434430963
2.458807782,54.878307343,2.070279646,0.885583007564582,0.9036096608740781
2.458807922,55.004756927,2.067943787,0.8985696668738397,0.9042508711368259
2.458808063,54.98922348,2.063916955,0.8969641421096902,0.9048887804721673
2.458808203,54.929637909,2.07303402,0.8908319875524752,0.9055144819576253
2.458808344,55.059379578,2.070319194,0.9042382758851017,0.9061370537604055
2.458808485,54.989505768,2.070279912,0.8969932935655376,0.9067521364547924
2.458808625,54.931400299,2.059835394,0.8910127580596601,0.9073555796667557
2.458808766,55.030834198,2.065830037,0.9012714574478319,0.9079561344141671
2.458808907,55.160053253,2.058458806,0.9147798089375221,0.9085495927208068
2.458809047,55.08146286,2.061948746,0.9065401649877485,0.9091319447762152
2.458809188,54.998497009,2.069680967,0.8979223012964346,0.9097116318209545
2.458809329,55.084896088,2.064054773,0.906898559394263,0.9102845895798134
2.458809469,55.11700058,2.048085927,0.9102568097304288,0.9108469417515965
2.45880961,55.104198456,2.05054762,0.9089161713597076,0.9114068360298686
2.45880975,55.161697388,2.054403078,0.9149529822012251,0.9119564412166516
2.458809891,55.120578766,2.043538313,0.9106318708101581,0.9125037180167704
2.458810032,55.119289398,2.044311562,0.9104967030265154,0.9130448256495467
2.458810172,55.134040833,2.04743505,0.9120443331650764,0.9135760957600219
2.458810313,55.155189514,2.03905821,0.9142677134639551,0.9141052202373499
2.458810454,55.211936951,2.039726797,0.9202604444971901,0.9146284836495134
2.458810594,55.13993454,2.038768591,0.9126633999950375,0.9151423344278838
2.458810735,55.167957306,2.039448097,0.9156126262091369,0.9156542092367552
2.458810875,55.175811768,2.050816732,0.9164409693592003,0.9161569404726098
2.458811016,55.112243652,2.047916417,0.9097584335355026,0.9166578019606372
2.458811157,55.124633789,2.046566061,0.9110571001677601,0.91715327368199
2.458811297,55.215862274,2.038113187,0.9206764221346155,0.9176399863842969
2.458811438,55.26512146,2.047839185,0.9259125712620442,0.918124979433525
2.458811579,55.155906677,2.040027468,0.9143432044122397,0.9186048426601018
2.458811719,55.147945404,2.035519402,0.9135055238569915,0.9190763094424551
2.45881186,55.271133423,2.023602289,0.9265536661007551,0.9195461961257332
2.458812,55.209217072,2.025398458,0.9199723214250121,0.9200079163518589
2.458812141,55.171123505,2.027380249,0.9159464481138001,0.9204681439627745
2.458812282,55.242149353,2.030884969,0.9234669887056444,0.9209236404383466
2.458812422,55.232452393,2.041702729,0.92243660194222,0.9213712997150231
2.458812563,55.242610931,2.016443578,0.9235160640899093,0.9218175901444139
2.458812704,55.328952789,2.027642703,0.9327420305572357,0.9222593699176909
2.458812844,55.265705109,2.02679928,0.9259747901164858,0.9226936235415854
2.458812985,55.282020569,2.028800513,0.9277157634909736,0.9231266235636677
2.458813125,55.287311554,2.013444726,0.9282810510672278,0.9235522950663076
2.458813266,55.239173889,2.017873829,0.9231506973053553,0.9239767853021754
2.458813407,55.239974976,2.017694199,0.9232358420812079,0.9243971038977482
2.458813547,55.281406403,2.018082887,0.9276501684442969,0.9248103773542636
2.458813688,55.267677307,2.018979573,0.9261850636806139,0.9252225719990023
2.458813829,55.22568512,2.009696327,0.9217182012431461,0.9256307829584061
2.458813969,55.232681274,2.016345308,0.9224609092961491,0.9260322170008027
2.45881411,55.318016052,2.017861578,0.9315683183568607,0.9264326677658345
2.45881425,55.273101807,2.009257304,0.9267636641732747,0.9268265122950117
2.458814391,55.277030945,2.018256259,0.9271829886422044,0.9272194335767328
2.458814532,55.31961441,2.008297235,0.9317397592505405,0.9276086608934714
2.458814672,55.339740753,2.006735291,0.9339012254409512,0.9279915270935842
2.458814813,55.376106262,2.00806261,0.9378194178950986,0.9283735551682926
2.458814954,55.326911926,2.006630895,0.9325228964031227,0.9287520502981538
2.458815094,55.358852386,2.002065704,0.935958358169723,0.929124416735526
2.458815235,55.344966888,1.997844594,0.9344633051690205,0.9294960245224045
2.458815376,55.37134552,2.005564698,0.9373055392777455,0.9298642514932235
2.458815516,55.378734589,2.007447553,0.938103242485671,0.9302265703068177
2.458815657,55.331474304,2.010663587,0.9330128450084925,0.9305882047102699
2.458815797,55.328624725,2.008878203,0.932706801776353,0.930944071579989
2.458815938,55.454208374,2.000222664,0.9462901648369203,0.9312993007548429
2.458816079,55.427490234,1.995351742,0.9433838111909837,0.9316513843621574
2.458816219,55.332202911,2.00701479,0.9330911131227843,0.9319979027882858
2.45881636,55.372543335,2.003769462,0.9374348059502823,0.9323438498569779
2.458816501,55.366374969,1.997118483,0.9367693141602976,0.9326867825189402
2.458816641,55.418781281,1.99904528,0.9424383964849806,0.9330243423283386
2.458816782,55.420139313,1.998139539,0.9425857575051723,0.9333613928184262
2.458816922,55.298828125,2.00013691,0.9295126698793329,0.9336931932632639
2.458817063,55.436923981,1.995917397,0.9444089772099898,0.9340245234647389
2.458817204,55.389438629,1.994084344,0.9392600249111278,0.9343530425392275
2.458817344,55.420158386,1.994661584,0.9425878272940641,0.9346764885284259
2.458817485,55.39956665,1.997602912,0.9403558704661975,0.9349995198123806
2.458817626,55.415325165,1.999354606,0.9420634747869854,0.9353198535586738
2.458817766,55.36265564,1.998669109,0.9363682720604513,0.9356352826831095
2.458817907,55.447444916,1.993024406,0.9455536021043209,0.935950349096759
2.458818047,55.444026947,1.987342019,0.9451815921855219,0.9362606186036394
2.458818188,55.448684692,1.989647384,0.9456885748448742,0.9365705581795901
2.458818329,55.457443237,1.986227219,0.9466426548249466,0.9368779766333302
2.458818469,55.461235046,1.988126719,0.947056000134888,0.9371807535903689
2.45881861,55.476600647,1.985702444,0.9487328535559606,0.9374832472426031
2.458818751,55.397598267,1.983023437,0.9401427926043834,0.9377833185578407
2.458818891,55.501003265,1.983427305,0.9514020237268985,0.9380788965554333
2.458819032,55.466854095,1.987058658,0.9476688649035249,0.9383742349444026
2.458819172,55.43082428,1.982583882,0.9437459950182487,0.9386651748795303
2.458819313,55.507648468,1.977537724,0.9521301792651347,0.9389559027729447
2.458819454,55.479995728,1.969645979,0.9491037602342076,0.939244362063018
2.458819594,55.486885071,1.985034656,0.9498568546712117,0.9395285599392966
2.458819735,55.528507233,1.985865562,0.9544194238144381,0.9398125850185854
2.458819876,55.481178284,1.969988861,0.9492329864620269,0.9400944277496479
2.458820016,55.508300781,1.976005475,0.9522016872213722,0.9403721399214564
2.458820157,55.454456329,1.97215947,0.9463171788489235,0.9406497161034331
2.458820298,55.527393341,1.977117344,0.9542970354305248,0.9409251919978013
2.458820438,55.475914001,1.976598427,0.9486578563020829,0.9411966623475094
2.458820579,55.559783936,1.97857649,0.9578623529241804,0.9414680312419177
2.458820719,55.543235779,1.972431512,0.9560391928909207,0.9417354747569684
2.45882086,55.521995544,1.97382581,0.9537041771673497,0.9420028386238039
2.458821001,55.522289276,1.964154141,0.9537364292663002,0.9422682302452356
2.458821141,55.466533661,1.968767669,0.9476339047858544,0.9425298124798513
2.458821282,55.504318237,1.970810979,0.951765195850338,0.9427913461388112
2.458821423,55.541671753,1.974873232,0.9558670590506282,0.9430509795790198
2.458821563,55.523796082,1.973346441,0.95390189538353,0.943306914600797
2.458821704,55.619564056,1.965093971,0.9644775218687662,0.943562830219522
2.458821844,55.614994049,1.969337186,0.9639702036913045,0.943815118656649
2.458821985,55.53446579,1.971445078,0.9550743841998508,0.9440674061235622
2.458822126,55.581718445,1.966079074,0.9602843030342126,0.9443179059646702
2.458822266,55.583435059,1.972083704,0.9604741051673735,0.9445648818133233
2.458822407,55.558383942,1.969393112,0.9577079768571211,0.9448118829685993
2.458822548,55.458961487,1.967897347,0.9468081376815219,0.9450571599496562
2.458822688,55.516799927,1.966002642,0.9531338728976326,0.9452990117840891
2.458822829,55.550895691,1.970368495,0.9568826765663905,0.9455409136099615
2.458822969,55.563282013,1.973267878,0.9582481914746062,0.9457794538142199
2.45882311,55.579669952,1.967351399,0.9600578548743948,0.9460180596156724
2.458823251,55.531234741,1.960759144,0.9547191738096786,0.9462550405987294
2.458823391,55.567676544,1.953798706,0.9587331293458032,0.9464887520711341
2.458823532,55.571220398,1.955277426,0.9591243734884171,0.9467225513952371
2.458823673,55.572235107,1.962728951,0.959236427523693,0.9469547819883132
2.458823813,55.595859528,1.959615982,0.9618489694801706,0.9471838314161376
2.458823954,55.534950256,1.973922483,0.9551276561144152,0.9474129896139599
2.458824094,55.616039276,1.958306505,0.9640862111875941,0.9476390234798937
2.458824235,55.52009964,1.961203359,0.9534960310453133,0.9478651793430233
2.458824376,55.541072845,1.951228223,0.9558011525383121,0.9480898544440713
2.458824516,55.528171539,1.956763337,0.9543825379344438,0.948311487705129
2.458824657,55.589645386,1.952980716,0.9611610804149331,0.9485332618354579
2.458824798,55.62890625,1.952496154,0.9655154332179885,0.9487536049424831
2.458824938,55.600662231,1.958735408,0.9623809532476495,0.9489709854210943
2.458825079,55.611408234,1.958048312,0.9635723278770423,0.9491885245130685
2.45882522,55.593250275,1.952191888,0.9615600721430263,0.9494046801688251
2.45882536,55.630020142,1.950542059,0.9656392603589392,0.9496179492924129
2.458825501,55.594203949,1.946661301,0.9616656531741549,0.9498313937131926
2.458825641,55.597724915,1.945278721,0.9620555589391846,0.9500420006187209
2.458825782,55.581123352,1.95254702,0.9602185137005982,0.9502527933766054
2.458825923,55.62531662,1.944485631,0.9651164957181347,0.9504622774959519
2.458826063,55.658203125,1.95039199,0.9687775450011614,0.9506689953402878
2.458826204,55.608161926,1.94928558,0.9632122648077805,0.9508759140978743
2.458826345,55.622161865,1.943443137,0.9647660246255221,0.9510815665979623
2.458826485,55.599681854,1.955710722,0.9622723353688972,0.9512845213357896
2.458826626,55.538555145,1.946974222,0.9555241432816831,0.9514876911520288
2.458826766,55.563434601,1.944965533,0.9582650254968496,0.9516882073780057
2.458826907,55.65007782,1.939939349,0.9678717158097776,0.9518889476440907
2.458827048,55.65977478,1.944839299,0.9689528548306745,0.95208848836664
2.458827188,55.601146698,1.94056133,0.9624346328171092,0.9522854397547925
2.458827329,55.656951904,1.947404057,0.9686380005726019,0.9524826279724475
2.45882747,55.592876434,1.941229251,0.9615186874538106,0.9526786545035474
2.45882761,55.672370911,1.946651048,0.9703590333184194,0.9528721535598059
2.458827751,55.61322403,1.939452124,0.9637737849237764,0.9530659014734794
2.458827891,55.60710144,1.949644175,0.9630946705474783,0.9532571618312782
2.458828032,55.685733795,1.939223358,0.97185303972409,0.9534486786568629
2.458828173,55.697250366,1.944260328,0.9731424687013912,0.9536390934702942
2.458828313,55.619018555,1.939420565,0.9644169515698295,0.9538270788432174
2.458828454,55.607627869,1.932964663,0.9631530429594886,0.9540153315426358
2.458828595,55.578548431,1.942390789,0.9599339003251188,0.9542025161394327
2.458828735,55.637748718,1.948875986,0.9664988542461659,0.9543873273016447
2.458828876,55.596862793,1.939831225,0.9619600744077427,0.9545724160028068
2.458829016,55.620414734,1.938985538,0.964571985420793,0.9547551674397919
2.458829157,55.664234161,1.937678592,0.9694504479978283,0.9549382028745745
2.458829298,55.659126282,1.939869175,0.968880514453575,0.9551202237305878
2.458829438,55.653781891,1.936035954,0.9682845497545375,0.9552999600244623
2.458829579,55.671577454,1.932750146,0.9702703949596925,0.9554799895325112
2.45882972,55.691558838,1.931663443,0.9725050149000963,0.9556590349156797
2.45882986,55.669067383,1.934088384,0.9699900442052019,0.9558358465733615
2.458830001,55.556591034,1.936776046,0.9575103108539439,0.9560129601094016
2.458830142,55.651725769,1.931697132,0.9680553647634184,0.9561891187914752
2.458830282,55.632862091,1.930764626,0.965955260981679,0.956363092804062
2.458830423,55.675479889,1.929503886,0.9707064202861827,0.9565373768375932
2.458830563,55.634315491,1.934686264,0.9661169066966816,0.956709507916676
2.458830704,55.728061676,1.936170177,0.9766006104659127,0.9568819541656487
2.458830845,55.666362762,1.927620232,0.9696880547547311,0.9570534918447294
2.458830985,55.609024048,1.932250936,0.9633078736321289,0.9572229228297207
2.458831126,55.660259247,1.924316447,0.969006900966873,0.9573926763252998
2.458831267,55.621692657,1.930552638,0.9647139097899334,0.9575615476312895
2.458831407,55.716663361,1.928752475,0.975319878018405,0.9577283569223605
2.458831548,55.652004242,1.933281313,0.96808640149244,0.957895495620084
2.458831688,55.676143646,1.930989663,0.9707806024169026,0.9580606012095888
2.458831829,55.675701141,1.931283942,0.9707311469959674,0.9582260405632149
2.45883197,55.623409271,1.925871733,0.9649045874438216,0.9583906394920193
2.45883211,55.728401184,1.930177266,0.9766387838959147,0.9585532475073288
2.458832251,55.691562653,1.922280993,0.9725054420420013,0.9587161954962654
2.458832392,55.692756653,1.931840543,0.9726391360399305,0.9588783268943581
2.458832532,55.675247192,1.92705937,0.9706804151841579,0.9590385081654831
2.458832673,55.661621094,1.922875011,0.9691588419485725,0.9591990352377335
2.458832813,55.653713226,1.923839076,0.9682768951562664,0.959357638591547
2.458832954,55.694194794,1.920350601,0.9728001912783587,0.959516591426677
2.458833095,55.613285065,1.92013595,0.9637805573031286,0.9596747654466693
2.458833235,55.6861763,1.9214148,0.9719025523016099,0.959831054320733
2.458833376,55.742984772,1.927940211,0.9782799354455464,0.9599876979147507
2.458833517,55.655185699,1.930372342,0.9684410559390764,0.9601435842759536
2.458833657,55.714618683,1.922305894,0.9750903125417881,0.9602976228085384
2.458833798,55.679096222,1.91693523,0.9711106538970447,0.9604520209731984
2.458833938,55.667709351,1.924061982,0.9698383988813131,0.960604595487096
2.458834079,55.69348526,1.914917486,0.9727207283046796,0.9607575327304485
2.45883422,55.67924118,1.925700892,0.9711268608071818,0.9609097469859552
2.45883436,55.681934357,1.921802024,0.9714280184489517,0.9610601729296775
2.458834501,55.728115082,1.922353564,0.9766066152040247,0.9612109660090471
2.458834642,55.653141022,1.91518793,0.9682131096735755,0.9613610556858296
2.458834782,55.723239899,1.920001461,0.976058622970609,0.9615093912667928
2.458834923,55.625812531,1.91591231,0.9651715995209247,0.9616580981075343
2.458835064,55.717342377,1.914815221,0.9753961262458676,0.9618061204427735
2.458835204,55.728485107,1.922777007,0.976648220218046,0.9619524218189442
2.458835345,55.704418182,1.929317331,0.9739458619448785,0.9620990983123991
2.458835485,55.702167511,1.927488272,0.9736935276618762,0.9622440753358122
2.458835626,55.701290131,1.906883794,0.9735951777959367,0.9623894299054703
2.458835767,55.685836792,1.91162462,0.9718645639945092,0.9625341299975422
2.458835907,55.69078064,1.916269839,0.9724178888153844,0.9626771620546275
2.458836048,55.666542053,1.922986997,0.9697080709122721,0.9628205751043641
2.458836189,55.671707153,1.907366226,0.9702848832901638,0.9629633508751155
2.458836329,55.692378998,1.910396903,0.9725968474474069,0.9631044890788087
2.45883647,55.700336456,1.914621742,0.9734882869132112,0.9632460114922882
2.45883661,55.70029068,1.915247452,0.9734831564908534,0.9633859161076416
2.458836751,55.686153412,1.91473719,0.9718999912655811,0.9635262069539818
2.458836892,55.713607788,1.923467831,0.9749768346363193,0.9636658878793171
2.458837032,55.733226776,1.912172965,0.9771815227396895,0.9638039799448734
2.458837173,55.670116425,1.906902436,0.9701072022383997,0.9639424611038271
2.458837314,55.74993515,1.926271208,0.9790630603491195,0.9640803480276533
2.458837454,55.659927368,1.907138925,0.9689698769070594,0.964216674158018
2.458837595,55.653835297,1.914490182,0.9682905033604199,0.9643533920460409
2.458837735,55.746658325,1.90241501,0.9786937702293049,0.9644885673633409
2.458837876,55.699802399,1.921623059,0.973428433257119,0.9646241361086874
2.458838017,55.658813477,1.9151348,0.9688456227815904,0.964759135593423
2.458838157,55.650642395,1.91759383,0.967934628643815,0.9648926191957092
2.458838298,55.710506439,1.903067351,0.9746287754508504,0.9650264985842503
2.458838439,55.722492218,1.909205139,0.9759746075031261,0.9651598230452506
2.458838579,55.712535858,1.915022681,0.9748565196799981,0.9652916575267626
2.45883872,55.811805725,1.908551066,0.986061934636791,0.9654238899829037
2.45883886,55.712303162,1.901811937,0.9748304035095674,0.9655546492864814
2.458839001,55.708564758,1.907432139,0.9744109271071209,0.9656858079310403
2.458839142,55.684108734,1.917866804,0.971671230743267,0.9658164344899142
2.458839282,55.731014252,1.909205804,0.9769326406653105,0.9659456125548606
2.458839423,55.724769592,1.909668795,0.9762305341492187,0.9660751918848465
2.458839564,55.712123871,1.91768704,0.9748102816197771,0.9662042522491597
2.458839704,55.699268341,1.907415228,0.973368583168988,0.9663318880683192
2.458839845,55.684249878,1.907696325,0.97168702033814,0.9664599269287176
2.458839986,55.692184448,1.902090504,0.9725750630815588,0.9665874595229086
2.458840126,55.696235657,1.9091588,0.9730287902198537,0.9667135908356627
2.458840267,55.743942261,1.909114591,0.9783877820733733,0.9668401268258617
2.458840407,55.756347656,1.905390693,0.9797861372120175,0.966965276658866
2.458840548,55.736301422,1.907948926,0.9775274883476911,0.9670908321857403
2.458840689,55.737697601,1.909552947,0.9776846297694534,0.967215901709616
2.458840829,55.681266785,1.904522502,0.9713533602099037,0.967339607254866
2.45884097,55.695777893,1.907029336,0.972977510980456,0.9674637199139343
2.458841111,55.777797699,1.907023743,0.9822087360915608,0.9675873582241015
2.458841251,55.725265503,1.911058432,0.9762862725135196,0.9677096541143079
2.458841392,55.696678162,1.907310832,0.973078362697826,0.9678323584183727
2.458841532,55.753089905,1.902585452,0.9794187251338856,0.9679537343247819
2.458841673,55.748031616,1.895828347,0.9788485197895355,0.9680755194463041
2.458841814,55.697662354,1.908184615,0.9731886277644831,0.968196848829934
2.458841954,55.707401276,1.898155151,0.9742804127102932,0.9683168703898298
2.458842095,55.738746643,1.897111857,0.9778027171756027,0.9684373022778632
2.458842236,55.729557037,1.901294352,0.9767687563026752,0.9685572891401389
2.458842376,55.722541809,1.902411415,0.9759801797239283,0.9686759881891345
2.458842517,55.76815033,1.895821955,0.9811184079692538,0.9687950985741604
2.458842657,55.766902924,1.900630559,0.9809775168039896,0.9689129341679925
2.458842798,55.69644165,1.903408103,0.9730518666696722,0.9690311817144589
2.458842939,55.791240692,1.90296988,0.9837300595998513,0.9691490013571268
2.458843079,55.678768158,1.89777858,0.9710739759696884,0.9692655653232964
2.45884322,55.695915222,1.895078134,0.9729928944461081,0.9693825420882586
2.458843361,55.721359253,1.894803696,0.9758473121994636,0.9694991008132047
2.458843501,55.768398285,1.894059741,0.9811464162329284,0.9696144224638951
2.458843642,55.732944489,1.90153883,0.977149765352751,0.9697301576699974
2.458843782,55.682178497,1.893717259,0.9714553233974837,0.9698446679128975
2.458843923,55.703010559,1.894479456,0.9737880384435271,0.969959592166718
2.458844064,55.704692841,1.897630774,0.9739766598524146,0.9700741141577933
2.458844204,55.804901123,1.892823902,0.9852784040892093,0.9701874289722329
2.458844345,55.742771149,1.890305084,0.9782558756734921,0.9703011584143214
2.458844486,55.732585907,1.904078953,0.9771094262396299,0.97041449468884
2.458844626,55.755256653,1.908641614,0.9796630775682761,0.9705266411060376
2.458844767,55.774757385,1.903136727,0.9818649946299264,0.9706392026891835
2.458844907,55.795600891,1.892785818,0.9842240027370546,0.970750585695356
2.458845048,55.773731232,1.897155134,0.9817490037253173,0.9708623841846729
2.458845189,55.774623871,1.90071578,0.9818499021384463,0.9709738040670819
2.458845329,55.747814178,1.899941732,0.9788240161164187,0.9710840619474007
2.45884547,55.697555542,1.892347329,0.9731766603565484,0.9711947357282164
2.458845611,55.65845871,1.899402708,0.9688060520006879,0.9713050393032964
2.458845751,55.716999054,1.905366325,0.9753575729922511,0.9714141970233234
2.458845892,55.784389496,1.902505957,0.9829544257418298,0.9715237709933708
2.458846033,55.761234283,1.896863251,0.9803375138299001,0.9716329829151445
2.458846173,55.7147789,1.891960105,0.9751082988957451,0.9717410647161828
2.458846314,55.787555695,1.901309931,0.9833127996973713,0.9718495630535716
2.458846454,55.752902985,1.893226705,0.9793976483086106,0.9719569415249212
2.458846595,55.702560425,1.889982442,0.9737375745572351,0.9720647366889711
2.458846736,55.792678833,1.898995777,0.9838929513378314,0.9721721828757202
2.458846876,55.756248474,1.8966992,0.979774949343199,0.9722785242723668
2.458847017,55.784950256,1.893795822,0.9830178872109345,0.9723852825491098
2.458847158,55.714298248,1.899089521,0.9750543407169128,0.9724916993970606
2.458847298,55.734634399,1.892328287,0.9773398962288743,0.9725970261522935
2.458847439,55.817298889,1.900869711,0.9866857409826674,0.9727027699198492
2.458847579,55.742729187,1.88900373,0.9782511496781587,0.9728074331781221
2.45884772,55.741909027,1.891842926,0.9781587832519049,0.97291251350708
2.458847861,55.744510651,1.88397728,0.9784518082181133,0.9730172645120082
2.458848001,55.743972778,1.886696101,0.978391219546521,0.9731209491017124
2.458848142,55.796569824,1.887450042,0.9843338015427314,0.9732250508089407
2.458848283,55.767795563,1.898798171,0.9810783359282109,0.9733288301878226
2.458848423,55.78861618,1.895115552,0.9834328624864391,0.9734315568993167
2.458848564,55.715641022,1.886967078,0.9752050885250677,0.9735347007269336
2.458848704,55.750473022,1.88883635,0.9791236905129609,0.9736368008543254
2.458848845,55.755466461,1.886383712,0.9796867416535905,0.9737393180716912
2.458848986,55.770038605,1.890734918,0.981331722071731,0.9738415241863727
2.458849126,55.780677795,1.885695152,0.9825344741129204,0.973942699794556
2.458849267,55.77967453,1.890058875,0.9824209928734307,0.9740442924183706
2.458849408,55.719528198,1.891131063,0.9756416174636464,0.9741455804306465
2.458849548,55.763366699,1.882463007,0.9805782196319495,0.974245850811827
2.458849689,55.80538559,1.889803611,0.9853333608299375,0.9743465380929943
2.458849829,55.792564392,1.870912477,0.9838799881347322,0.9744462161441136
2.45884997,55.665439606,1.883060087,0.9695849995912033,0.9745463109966005
2.458850111,55.668159485,1.890528923,0.9698886606930801,0.9746461116611497
2.458850251,55.746082306,1.890072856,0.9786288687007499,0.9747449154619507
2.458850392,55.733623505,1.886104214,0.9772261566365266,0.9748441358851531
2.458850533,55.755794525,1.898574598,0.9797237448892157,0.9749430681527659
2.458850673,55.79776001,1.877546279,0.9844686893467093,0.9750410156291437
2.458850814,55.765293121,1.884430284,0.9807957237712346,0.9751393795134236
2.458850955,55.785503387,1.88340217,0.9830804893165362,0.9752374611124436
2.458851095,55.705303192,1.877161319,0.9740451028720678,0.9753345697088143
2.458851236,55.760723114,1.884701127,0.9802798221687982,0.9754320944659476
2.458851376,55.785118103,1.895110225,0.9830368833304348,0.9755286539167719
2.458851517,55.857505798,1.882851695,0.9912636883213132,0.975625629345761
2.458851658,55.833129883,1.887610098,0.9884857246497588,0.9757223319228834
2.458851798,55.823066711,1.887302237,0.9873411623532875,0.9758180805276825
2.458851939,55.753772736,1.883369413,0.979495724011794,0.9759142448121954
2.45885208,55.772708893,1.882007207,0.9816334575611697,0.9760101417082285
2.45885222,55.757320404,1.883135721,0.9798958713228495,0.9761050957035825
2.458852361,55.726238251,1.883160622,0.9763956146464229,0.9762004650517108
2.458852501,55.777809143,1.884444665,0.9822100301909164,0.9762948987305207
2.458852642,55.694675446,1.878288635,0.9728540247156321,0.9763897475289082
2.458852783,55.780918121,1.880717038,0.9825616597964324,0.9764843377245342
2.458852923,55.792888641,1.879114081,0.9839167175971443,0.9765780029030983
2.458853064,55.845596313,1.882942109,0.9899054681712549,0.9766720828304208
2.458853205,55.789657593,1.885237887,0.9835507803059891,0.9767659092465968
2.458853345,55.731861115,1.89305067,0.977027894977116,0.9768588210566421
2.458853486,55.74666214,1.879548443,0.9786942000894239,0.9769521472197152
2.458853626,55.747806549,1.889258861,0.9788231563950262,0.9770445655778788
2.458853767,55.746486664,1.883330531,0.9786744282967966,0.9771373980132715
2.458853908,55.749198914,1.873823712,0.9789800762274055,0.9772299851297208
2.458854048,55.729927063,1.87630458,0.9768103683366283,0.977321674464735
2.458854189,55.740764618,1.878176516,0.9780299144749909,0.9774137774438707
2.45885433,55.750930786,1.884240001,0.9791752936770199,0.9775056398541808
2.45885447,55.677768707,1.880048851,0.9709622447526473,0.9775966142828794
2.458854611,55.828697205,1.882695234,0.9879813985237349,0.9776880019022114
2.458854751,55.781646729,1.883716823,0.982644084550016,0.9777785079440533
2.458854892,55.83518219,1.880537008,0.9887193122203942,0.9778694268637124
2.458855033,55.750556946,1.879049367,0.9791331509570843,0.9779601128620968
2.458855173,55.674308777,1.8824678,0.9705755494887469,0.9780499267243782
2.458855314,55.818683624,1.881276835,0.9868430544246174,0.9781401529792859
2.458855455,55.778663635,1.879513822,0.9823066618467289,0.9782301507502741
2.458855595,55.749328613,1.881221973,0.9789946946131086,0.9783192856189403
2.458855736,55.746131897,1.87322024,0.9786344560757675,0.9784088323772748
2.458855877,55.79208374,1.881300004,0.9838255445694284,0.9784981549781385
2.458856017,55.745956421,1.884997803,0.9786146854901018,0.9785866237095555
2.458856158,55.80796814,1.871785062,0.9856263706555944,0.9786755038118492
2.458856298,55.792655945,1.881771517,0.983890358706203,0.978763535950678
2.458856439,55.830413818,1.874018389,0.9881766749300248,0.9788519791058852
2.45885658,55.826786041,1.876247721,0.9877640360145528,0.9789402050734248
2.45885672,55.825279236,1.870927258,0.9875926962026597,0.9790275917876442
2.458856861,55.725288391,1.876097519,0.9762888451077586,0.9791153889744091
2.458857002,55.761501312,1.873403865,0.9803676526620564,0.9792029730198116
2.458857142,55.729850769,1.878734182,0.9768017883930595,0.9792897263357384
2.458857283,55.706718445,1.875212684,0.9742038238118348,0.9793768895663558
2.458857423,55.751312256,1.876814176,0.9792182983912506,0.97946322764193
2.458857564,55.793453217,1.875978209,0.9839806734890205,0.9795499752535581
2.458857705,55.731349945,1.874413735,0.9769703979705487,0.9796365162470794
2.458857845,55.79637146,1.874274985,0.9843113220767495,0.979722240309928
2.458857986,55.687015533,1.87513159,0.9719964623251338,0.9798083733300725
2.458858127,55.750419617,1.876179944,0.9791176704111496,0.979894303521938
2.458858267,55.805477142,1.875332526,0.9853437466072187,0.9799794248337198
2.458858408,55.734268188,1.874205476,0.9772986908842668,0.9800649545126171
2.458858548,55.80456543,1.875209621,0.9852403257016492,0.9801496805782863
2.458858689,55.789363861,1.875132522,0.9835175199878173,0.9802348146124102
2.45885883,55.775493622,1.875024398,0.9819482234073795,0.9803197519298706
2.45885897,55.772197723,1.868257173,0.9815756895223592,0.9804038934070073
2.458859111,55.80865097,1.877977444,0.9857038574459553,0.9804884422448655
2.458859252,55.765289307,1.871040842,0.9807952931010072,0.9805727979180157
2.458859392,55.790805817,1.873051129,0.9836808085825819,0.9806563653627022
2.458859533,55.806377411,1.884801928,0.9854458801179357,0.9807403395512553
2.458859673,55.828987122,1.876037598,0.9880143758461937,0.9808235304922681
2.458859814,55.862133026,1.875044771,0.9917919042283047,0.9809071277615344
2.458859955,55.758132935,1.875243576,0.9799875410362654,0.9809905375977906
2.458860095,55.881027222,1.875643317,0.9939516722606465,0.9810731715395683
2.458860236,55.744873047,1.873998948,0.9784926324092412,0.9811562111786296
2.458860377,55.796016693,1.875446642,0.9842711196267928,0.9812390667179822
2.458860517,55.797431946,1.87397498,0.9844315068990379,0.9813211535655104
2.458860658,55.80664444,1.868296721,0.9854761759982433,0.9814036454714812
2.458860799,55.694900513,1.871053092,0.9728792334372162,0.981485956533168
2.458860939,55.735832214,1.875583795,0.977474684161974,0.9815675059600062
2.45886108,55.786884308,1.866634509,0.9832367962084995,0.9816494597999628
2.45886122,55.796455383,1.870850026,0.9843208325312447,0.9817306566250886
2.458861361,55.728061676,1.876881554,0.9766006104659127,0.9818122574295997
2.458861502,55.779205322,1.873015309,0.9823679243498562,0.9818936826456592
2.458861642,55.751152039,1.875394311,0.979200236226324,0.981974357669154
2.458861783,55.808567047,1.874597627,0.9856943336287476,0.9820554360163143
2.458861924,55.80083847,1.869225498,0.9848176673712333,0.9821363418328277
2.458862064,55.778381348,1.871663888,0.9822747378980808,0.9822165041432617
2.458862205,55.799274445,1.868211233,0.9846403521105662,0.9822970691158617
2.458862345,55.801364899,1.874539836,0.9848773563970299,0.9823768949606111
2.458862486,55.860546112,1.864452181,0.9916107201749318,0.9824571230242382
2.458862627,55.7865448,1.872107704,0.9831983648850312,0.9825371834975067
2.458862767,55.736907959,1.871932601,0.9775957516248879,0.9826165113105054
2.458862908,55.796344757,1.866617464,0.9843082960165612,0.9826962406727983
2.458863049,55.889816284,1.871706233,0.9949579392709942,0.9827758053210037
2.458863189,55.776576996,1.870069454,0.9820707075242168,0.9828546436490727
2.45886333,55.84197998,1.874925062,0.989493411048613,0.982933882852376
2.45886347,55.780227661,1.868329477,0.9824835569666596,0.9830123998888901
2.458863611,55.765724182,1.862924059,0.9808443996460328,0.9830913173500886
2.458863752,55.816337585,1.871092374,0.9865765463574202,0.9831700747450965
2.458863892,55.78761673,1.866159134,0.9833197093761835,0.9832481161090753
2.458864033,55.836540222,1.86027701,0.98887390979099,0.9833265572176146
2.458864174,55.744728088,1.870090626,0.9784763024608055,0.9834048409672201
2.458864314,55.793796539,1.86862349,0.9840195674772471,0.9834824147032234
2.458864455,55.830833435,1.867617748,0.9882244150885231,0.9835603875010631
2.458864595,55.778118134,1.870710343,0.9822449718572727,0.9836376542278579
2.458864736,55.789047241,1.867670611,0.9834816692396974,0.9837153195601904
2.458864877,55.838134766,1.863927006,0.9890554626045611,0.9837928319097708
2.458865017,55.768123627,1.866719463,0.9811153917250158,0.9838696440149647
2.458865158,55.7318573,1.866004671,0.9770274658488682,0.9839468540384221
2.458865299,55.754459381,1.869055988,0.9795731590765121,0.9840239136295202
2.458865439,55.811210632,1.862386367,0.985994379270763,0.9841002786915144
2.45886558,55.747917175,1.871477733,0.978835623048941,0.9841770409821531
2.458865721,55.756874084,1.869838558,0.9798455211679119,0.9842536553349037
2.458865861,55.862552643,1.864666699,0.9918398190434441,0.9843295807659196
2.458866002,55.746032715,1.864737938,0.9786232813576327,0.9844059027346775
2.458866142,55.819438934,1.859016137,0.9869288723278586,0.9844815394568379
2.458866283,55.732917786,1.866717466,0.9771467613092782,0.9845575722554631
2.458866424,55.817577362,1.863884528,0.9867173750183723,0.9846334611511904
2.458866564,55.778324127,1.861355191,0.9822682668789929,0.9847086702333502
2.458866705,55.781997681,1.866338365,0.9826837889312882,0.9847842746988323
2.458866846,55.84047699,1.872269491,0.9893222057834963,0.9848597376133575
2.458866986,55.798240662,1.864915172,0.984523168502769,0.9849345260463075
2.458867127,55.833118439,1.865674572,0.9884844222819362,0.9850097091682516
2.458867267,55.815891266,1.864203975,0.9865258530418074,0.9850842213037095
2.458867408,55.761436462,1.859244237,0.9803603331349166,0.9851591276654379
2.458867549,55.812850952,1.862536037,0.9861806007281139,0.9852338962833488
2.458867689,55.741020203,1.862218455,0.9780586937323681,0.9853079990834387
2.45886783,55.849693298,1.858114124,0.9903724997200036,0.9853824954145084
2.458867971,55.776332855,1.864960845,0.9820431040932478,0.9854568562224741
2.458868111,55.827667236,1.85951042,0.987864251066752,0.9855305562858898
2.458868252,55.799114227,1.861328959,0.9846221898198229,0.9856046491845287
2.458868392,55.807613373,1.861146533,0.9855861144948119,0.98567808466565
2.458868533,55.808376312,1.86019898,0.9856726888286941,0.9857519125190862
2.458868674,55.751911163,1.858638367,0.979285819501589,0.9858256084444547
2.458868814,55.734718323,1.863555095,0.9773493394377022,0.9858986518724274
2.458868955,55.768333435,1.860071148,0.9811390908914585,0.9859720869771081
2.458869096,55.76607132,1.857711188,0.980883600600848,0.986045392251553
2.458869236,55.830661774,1.86609908,0.9882048848018062,0.9861180498599073
2.458869377,55.74030304,1.865041539,0.9779779422400273,0.9861910984502127
2.458869517,55.768791199,1.86048274,0.981190800274004,0.9862635025431215
2.458869658,55.774177551,1.862186896,0.9817994515792128,0.9863362971552966
2.458869799,55.759872437,1.859419073,0.9801838204120269,0.9864089653346421
2.458869939,55.768623352,1.85748695,0.9811718398280527,0.9864809937041531
2.45887008,55.820110321,1.8584614,0.9870051612115278,0.9865534118992821
2.458870221,55.847946167,1.862541896,0.9901733103960378,0.9866257056444048
2.458870361,55.85446167,1.856099842,0.9909163428032687,0.9866973641834093
2.458870502,55.744987488,1.860748523,0.9785055246307304,0.9867694118553092
2.458870643,55.839359283,1.860959179,0.9891949072271062,0.9868413370192975
2.458870783,55.851264954,1.858138892,0.9905517174831088,0.9869126314996529
2.458870924,55.800201416,1.860140523,0.9847454399939857,0.9869843144208358
2.458871064,55.784454346,1.853042933,0.9829617646368796,0.987055369625274
2.458871205,55.808200836,1.865666849,0.985652776055122,0.9871268128103355
2.458871346,55.79258728,1.866209335,0.9838825807390333,0.9871981366348765
2.458871486,55.792152405,1.856591595,0.9838333220857053,0.9872688371329962
2.458871627,55.773792267,1.857407188,0.9817559024154302,0.9873399249223521
2.458871768,55.82711792,1.860415495,0.9878017781937708,0.9874108951886679
2.458871908,55.808311462,1.861042003,0.9856653296936008,0.9874812464423135
2.458872049,55.765663147,1.864371487,0.9808375073609482,0.9875519842991342
2.458872189,55.779350281,1.856122879,0.9823843192461958,0.9876221059736062
2.45887233,55.803527832,1.861622573,0.9851226380062507,0.9876926137940235
2.458872471,55.799259186,1.856246316,0.9846386223379623,0.9877630070708509
2.458872611,55.813678741,1.859448634,0.9862745909108949,0.9878327883549899
2.458872752,55.782398224,1.860457972,0.9827291056696824,0.9879029550999243
2.458872893,55.803367615,1.859397368,0.985104466932865,0.9879730090421015
2.458873033,55.841125488,1.854767196,0.9893960724165562,0.9880424551085479
2.458873174,55.859451294,1.854964803,0.9914857399030298,0.9881122859523501
2.458873314,55.819885254,1.850668991,0.9869795864665277,0.9881815116228971
2.458873455,55.821025848,1.862537635,0.9871092009284284,0.9882511216172135
2.458873596,55.790340424,1.86071044,0.9836281040333245,0.9883206216314627
2.458873736,55.831726074,1.85831972,0.9883259790065096,0.9883895204726075
2.458873877,55.789413452,1.850400278,0.9835231352740574,0.988458802957582
2.458874018,55.742256165,1.856076673,0.9781978768719308,0.9885279771123203
2.458874158,55.867282867,1.858415195,0.992380109381328,0.9885965540262784
2.458874299,55.795883179,1.853390076,0.9842559901501658,0.9886655139068182
2.458874439,55.843566895,1.860012292,0.9896742083477315,0.9887338791280208
2.45887458,55.785839081,1.856681876,0.9831184843421287,0.9888026268657859
2.458874721,55.796527863,1.851435715,0.9843290462980068,0.988871268949359
2.458874861,55.82239151,1.854701017,0.9872644139881438,0.9889393201958748
2.458875002,55.792709351,1.859760357,0.9838964082661475,0.9890077532857028
2.458875143,55.819244385,1.850100007,0.986906767064852,0.9890760822855719
2.458875283,55.783412933,1.856953519,0.9828439174343689,0.9891438242063153
2.458875424,55.859649658,1.855248962,0.9915083832166459,0.9892119472996541
2.458875564,55.806415558,1.847196096,0.9854502080438134,0.9892794857816638
2.458875705,55.874759674,1.851627596,0.9932347171726079,0.9893474049907482
2.458875846,55.7878685,1.848330203,0.9833482123852739,0.9894152226486213
2.458875986,55.751930237,1.849317037,0.9792879699915227,0.9894824593493431
2.458876127,55.781303406,1.857020897,0.9826052448154845,0.9895500761108486
2.458876268,55.737560272,1.850103336,0.9776691721253065,0.9896175928058236
2.458876408,55.783210754,1.857803466,0.982821040320335,0.9896845321377599
2.458876549,55.807315826,1.852275543,0.9855523524760771,0.9897518508665323
2.45887669,55.749900818,1.864657245,0.9790591904949126,0.9898190709846292
2.45887683,55.813709259,1.852349845,0.986278056207151,0.9898857172746066
2.458876971,55.755844116,1.858719061,0.9797293385153096,0.9899527423005366
2.458877111,55.795791626,1.855057082,0.9842456157248033,0.9900191958196108
2.458877252,55.797149658,1.845003515,0.9843995137817939,0.9900860276361872
2.458877393,55.756557465,1.847652961,0.9798098043826825,0.9901527632060203
2.458877533,55.856323242,1.853086475,0.9911287401378406,0.9902189307081046
2.458877674,55.797103882,1.854666795,0.9843943258557115,0.990285475851716
2.458877815,55.842464447,1.846462262,0.9895486028934943,0.9903519261318587
2.458877955,55.889911652,1.850039153,0.994968863617679,0.9904178117270493
2.458878096,55.774616241,1.857034212,0.9818490396463146,0.9904840743106201
2.458878236,55.874317169,1.846995693,0.9931841178498538,0.990549774431698
2.458878377,55.789489746,1.855570805,0.9835317742559881,0.9906158511083023
