Frequency,dB,Rad,Mag,Fit
2.458735233,55.810382843,1.76177547,0.9919507985389834,0.9884827471020635
2.458735349,55.979351044,1.753925936,1.0114363121395433,0.9885226394394343
2.458735465,55.952312469,1.774567698,1.008292676202007,0.9885625757732233
2.458735582,55.68314743,1.78065129,0.9775260973350529,0.9886029011252103
2.458735698,55.899242401,1.789541987,1.0021508733232893,0.9886429263453673
2.458735814,55.849010468,1.771543146,0.9963719956697633,0.9886829960761293
2.45873593,55.810218811,1.788449159,0.9919320658421865,0.9887231104897791
2.458736047,55.888977051,1.781700576,1.000967188838289,0.9887636161560621
2.458736163,55.947795868,1.775863859,1.0077685074563505,0.9888038208460737
2.458736279,55.802406311,1.769193439,0.9910402763407986,0.9888440707433671
2.458736396,55.882457733,1.787209058,1.000216180554018,0.9888847135950757
2.458736512,55.95104599,1.751166502,1.008145668991412,0.9889250548298609
2.458736628,55.850212097,1.771419043,0.9965098459482281,0.9889654418041376
2.458736744,55.828453064,1.786592669,0.994016612091812,0.9890058746967084
2.458736861,55.930080414,1.794523963,1.0057151907003388,0.9890467028450378
2.458736977,55.808143616,1.750929081,0.9916951060521754,0.9890872285134166
2.458737093,55.858680725,1.791822718,0.9974819037182981,0.9891278006429193
2.458737209,55.693439484,1.786498926,0.9786850706503727,0.9891684194159206
2.458737326,55.739013672,1.750158229,0.983833650455349,0.9892094357848846
2.458737442,55.846065521,1.765707095,0.9960342334522169,0.9892501488007545
2.458737558,55.786632538,1.798581155,0.9892421578802714,0.9892909090138162
2.458737675,55.799510956,1.784198354,0.9907099779664511,0.9893320686058173
2.458737791,55.954414368,1.78828644,1.008536702537265,0.9893729241822271
2.458737907,55.73141098,1.774992472,0.9829728852382628,0.9894138275178386
2.458738023,55.989940643,1.78953706,1.0126701796142143,0.9894547788010036
2.45873814,55.644168854,1.784468665,0.9731492044047918,0.9894961318746245
2.458738256,55.994750977,1.780473524,1.0132311619810839,0.9895371800405776
2.458738372,56.051441193,1.785993724,1.0198658479086857,0.9895782767273933
2.458738489,55.992763519,1.785113283,1.012999346462807,0.9896197770417943
2.458738605,55.826255798,1.794848336,0.9937651879128688,0.9896609717716163
2.458738721,55.87078476,1.775565052,0.9988728921730453,0.9897022156042611
2.458738837,55.801261902,1.779764324,0.9909097104751423,0.9897435087352585
2.458738954,55.638950348,1.786709848,0.9725647093299764,0.989785207978844
2.45873907,56.092376709,1.775118307,1.024683692654884,0.9898266007258179
2.458739186,55.989879608,1.787713727,1.0126630636928957,0.9898680433648611
2.458739303,55.959835052,1.774036397,1.0091663058660643,0.9899098940097931
2.458739419,55.819423676,1.773606031,0.9929838223022676,0.989951437466368
2.458739535,55.834651947,1.780961282,0.9947262678910761,0.9899930314177275
2.458739651,55.853229523,1.788140499,0.9968560876336309,0.9900346760663791
2.458739768,55.814891815,1.788482981,0.9924658683452571,0.9900767312816714
2.458739884,55.869346619,1.762769894,0.9987075203801009,0.9901184783769976
2.45874,55.908290863,1.7916849,1.0031954006355088,0.9901602767845601
2.458740116,55.963745117,1.785068409,1.0096206973331037,0.9902021267104976
2.458740233,55.944030762,1.768514599,1.0073317608300358,0.9902443898091217
2.458740349,56.0259552,1.780169924,1.0168777604319765,0.9902863438444518
2.458740465,55.94323349,1.781371143,1.0072393027648971,0.9903283500256057
2.458740582,55.756599426,1.785499708,0.9858275720531096,0.9903707713652744
2.458740698,55.793781281,1.778782284,0.9900566684497424,0.9904128829257072
2.458740814,55.846000671,1.769001691,0.9960267969567509,0.9904550472689845
2.45874093,55.837875366,1.759550665,0.9950954890907301,0.9904972646091471
2.458741047,55.9672966,1.784599959,1.0100335950375516,0.9905398997946256
2.458741163,55.85036087,1.785211288,0.9965269144392117,0.9905822242360566
2.458741279,56.008594513,1.766326679,1.0148473333168497,0.9906246023244
2.458741396,56.03875351,1.75676633,1.0183771934320098,0.9906674003056197
2.458741512,55.937854767,1.766351846,1.0066157645509402,0.9907098868108499
2.458741628,56.007312775,1.749048223,1.0146975878703923,0.9907524276229738
2.458741744,55.936805725,1.759498334,1.0064941974469253,0.9907950229637515
2.458741861,55.819660187,1.774932285,0.9930108609596804,0.9908380409674952
2.458741977,55.877780914,1.771790021,0.9996777704318697,0.9908807465092827
2.458742093,55.939846039,1.763654197,1.0068465613548456,0.990923507253229
2.458742209,55.899597168,1.797530671,1.002191806069897,0.9909663234251482
2.458742326,55.951068878,1.778209038,1.008148325537769,0.991009565079871
2.458742442,55.792385101,1.771198666,0.9898975383793795,0.9910524932740108
2.458742558,56.045688629,1.796218532,1.0191906262027366,0.9910954775834547
2.458742675,55.892974854,1.77156272,1.0014280041204222,0.9911388895249619
2.458742791,55.8814888,1.765779799,1.000104610127531,0.9911819872478026
2.458742907,55.70349884,1.781515086,0.9798191680188163,0.991225141783859
2.458743023,55.823001862,1.767953604,0.9933929701169998,0.9912683533676403
2.45874314,55.751880646,1.772568463,0.9852921473316211,0.9913119954920837
2.458743256,55.911312103,1.79152045,1.0035444059052407,0.9913553223760267
2.458743372,55.956630707,1.777194108,1.0087940791013992,0.9913987070199786
2.458743489,55.907146454,1.782139065,1.0030632333774938,0.991442524421705
2.458743605,55.8228302,1.762245385,0.9933733375697243,0.9914860258075303
2.458743721,55.960258484,1.75356095,1.0092155033277908,0.9915295856766437
2.458743837,55.943161011,1.765665816,1.0072308979386932,0.9915732042720813
2.458743954,56.036716461,1.778177347,1.0181383876112071,0.9916172586254747
2.45874407,55.999061584,1.78001333,1.0137341300684888,0.9916609959181873
2.458744186,55.870136261,1.763163377,0.9987983179017016,0.9917047926754377
2.458744302,56.034000397,1.765448901,1.017820067113841,0.9917486491447771
2.458744419,55.799900055,1.756798954,0.9907543594762468,0.9917929444268906
2.458744535,55.891490936,1.774924295,1.001256932397073,0.9918369215898126
2.458744651,55.905982971,1.779282559,1.0029288811224506,0.9918809592182976
2.458744768,55.732387543,1.745102084,0.9830834080465141,0.9919254379884401
2.458744884,56.012641907,1.766049977,1.015320335429195,0.9919695978356349
2.458745,55.811466217,1.769283853,0.9920745303352316,0.9920138189135402
2.458745116,55.792633057,1.766214827,0.989925797377333,0.9920581014792608
2.458745233,55.780845642,1.757347166,0.9885833036750187,0.9921028283389974
2.458745349,55.923622131,1.776591567,1.0049676818695132,0.992147235192097
2.458745465,55.746902466,1.792299291,0.984727604546219,0.992191704314008
2.458745582,55.955547333,1.748740362,1.008668262038633,0.9922366201333734
2.458745698,55.883216858,1.768650421,1.0003036007631902,0.9922812151235165
2.458745814,56.03635788,1.781330529,1.018096356505523,0.9923258731755856
2.45874593,56.000881195,1.76320399,1.0139465199419206,0.9923705945560828
2.458746047,55.901626587,1.749406818,1.0024259910294229,0.9924157658870448
2.458746163,55.732765198,1.778301583,0.983126152595573,0.9924606152800894
2.458746279,55.86631012,1.785827277,0.9983584433717122,0.9925055288111272
2.458746396,55.845531464,1.780286437,0.9959729935880434,0.9925508947733849
2.458746512,55.958511353,1.772255808,1.009012524192262,0.9925959379556607
2.458746628,55.713157654,1.778567899,0.9809093447794712,0.9926410460980687
2.458746744,55.85326767,1.758284732,0.9968604656713751,0.9926862194763434
2.458746861,55.973442078,1.764707744,1.0107484712177928,0.992731848644265
2.458746977,55.77186203,1.777465351,0.9875613637180932,0.9927771538971029
2.458747093,56.004421234,1.777462022,1.014359850288861,0.9928225252250079
2.458747209,56.05424881,1.766185532,1.0201955614603642,0.9928679629101359
2.458747326,55.780910492,1.759206984,0.9885906845961718,0.9929138598046433
2.458747442,55.997821808,1.774977292,1.0135894455736476,0.9929594316331065
2.458747558,56.093109131,1.770509573,1.024770100904818,0.9930050706754129
2.458747675,55.803279877,1.78433604,0.9911399532492755,0.9930511715351342
2.458747791,55.883888245,1.781185254,1.0003809235036352,0.9930969464547178
2.458747907,55.840679169,1.767478097,0.9954167575153051,0.9931427894578972
2.458748023,55.806552887,1.763978171,0.9915135041914562,0.9931887008369745
2.45874814,55.866577148,1.765650503,0.9983891361121695,0.9932350775643832
2.458748256,55.862541199,1.78735207,0.9979253365711623,0.9932811271729263
2.458748372,55.767116547,1.776407543,0.9870219629332523,0.9933272460453416
2.458748489,55.972034454,1.775239614,1.010584683904491,0.9933738329589441
2.458748605,56.041046143,1.764873525,1.0186460286825298,0.9934200918582242
2.458748721,55.876758575,1.768741234,0.9995601141558574,0.9934664209231346
2.458748837,55.768730164,1.747098923,0.9872053435003042,0.9935128204561327
2.458748954,55.975196838,1.777086383,1.0109526875077213,0.9935596916764496
2.45874907,55.908725739,1.755043665,1.0032456288265925,0.9936062336748888
2.458749186,55.865184784,1.779143142,0.998229105334033,0.9936528470618531
2.458749302,55.758945465,1.780006006,0.9860938777967306,0.9936995321467804
2.458749419,55.91078186,1.762576416,1.0034831449202612,0.9937466926323668
2.458749535,55.99439621,1.775965591,1.0131897783515649,0.9937935226710847
2.458749651,55.80140686,1.766791401,0.9909262478126406,0.9938404253472514
2.458749768,55.738834381,1.764623721,0.9838133427257009,0.9938878062564146
2.458749884,55.903644562,1.775697944,1.0026589096683232,0.993934855787989
2.45875,55.878284454,1.754156433,0.9997357256162824,0.9939819789110312
2.458750116,55.878894806,1.766079405,0.9998059788850188,0.9940291759455281
2.458750233,55.941036224,1.762670026,1.0069845340702743,0.9940768550482818
2.458750349,55.956222534,1.775087148,1.0087466743048779,0.9941242015177899
2.458750465,55.961017609,1.773286584,1.0093037100896058,0.9941716228728144
2.458750582,55.930961609,1.758431871,1.0058172270133223,0.994219529221083
2.458750698,55.88318634,1.755492407,1.000300086188066,0.9942671019817593
2.458750814,55.972938538,1.774299118,1.010689877618962,0.9943147506166625
2.45875093,56.047412872,1.769551235,1.0193929666436596,0.9943624754574106
2.458751047,55.980998993,1.775524705,1.0116282272635877,0.9944106892524894
2.458751163,55.8191185,1.779037148,0.9929489347409325,0.9944585681723641
2.458751279,55.835895538,1.771165377,0.99486869673202,0.9945065243071035
2.458751395,55.97562027,1.752016716,1.0110019720566223,0.9945545579958689
2.458751512,55.865280151,1.770171485,0.9982400654822358,0.9946030846735046
2.458751628,56.037151337,1.752069313,1.018189363970798,0.9946512751689738
2.458751744,55.872772217,1.77639942,0.9991014748680676,0.9946995442481567
2.458751861,55.783924103,1.776779453,0.9889337403767776,0.99474830939377
2.458751977,55.929538727,1.737035369,1.0056524722132134,0.9947967373636714
2.458752093,56.024971008,1.769146567,1.016762545261108,0.9948452449627143
2.458752209,55.772384644,1.755234081,0.9876207852561453,0.9948938325415236
2.458752326,55.75680542,1.742354634,0.9858509521536414,0.9949429203543224
2.458752442,55.745254517,1.768686773,0.9845407927162569,0.9949916696504131
2.458752558,55.862674713,1.759243736,0.9979406761659488,0.9950404999929687
2.458752675,55.941761017,1.760783709,1.0070685652776699,0.9950898337482821
2.458752791,55.804309845,1.761088641,0.9912574890465012,0.9951388279669295
2.458752907,55.953983307,1.741112003,1.0084866523903917,0.9951879043149267
2.458753023,55.73242569,1.77931172,0.9830877255967798,0.9952370631560046
2.45875314,55.836826324,1.771512653,0.9949753132688455,0.9952867297142625
2.458753256,55.821079254,1.75667059,0.9931731084805527,0.9953360553586537
2.458753372,55.818599701,1.778412903,0.9928896287225785,0.9953854646006743
2.458753489,55.757965088,1.749576861,0.9859825835894882,0.9954353848431565
2.458753605,55.997032166,1.759608589,1.0134973034385146,0.995484963124131
2.458753721,55.79209137,1.756603345,0.9898640635495537,0.9955346261240802
2.458753837,55.839920044,1.747347262,0.99532976438533,0.9955843742198024
2.458753954,55.926574707,1.762229406,1.0053093564662967,0.99563463776167
2.45875407,55.874549866,1.774879954,0.9993059713061944,0.9956845579268452
2.458754186,55.904396057,1.742520815,1.0027456625267432,0.9957345643315332
2.458754302,55.953811646,1.761701301,1.008466721660923,0.9957846573592612
2.458754419,55.974269867,1.761843381,1.0108448028972896,0.9958352703619728
2.458754535,55.827770233,1.775893553,0.9939384717162321,0.9958855385507355
2.458754651,55.965190887,1.752080232,1.0097887631116558,0.9959358945289567
2.458754768,55.854194641,1.752547883,0.996966857772996,0.9959867739363127
2.458754884,56.018657684,1.768918468,1.016023781664377,0.9960373074357048
2.458755,56.00983429,1.756798155,1.0149921974853215,0.9960879299081731
2.458755116,56.006229401,1.765996181,1.0145710345204606,0.996138641751153
2.458755233,55.8230896,1.757330921,0.9934030046392253,0.996189881700416
2.458755349,55.762573242,1.750674216,0.9865058190027803,0.9962407742629178
2.458755465,55.869720459,1.751262242,0.9987505055974727,0.9962917574026838
2.458755582,56.071594238,1.758263693,1.0222348930715852,0.996343272215801
2.458755698,55.906398773,1.775278496,1.0029768934543748,0.9963944385165573
2.458755814,55.903491974,1.736883037,1.0026412957703525,0.9964456966188426
2.45875593,55.764354706,1.758029734,0.9867081707376726,0.9964970469336702
2.458756047,55.574123383,1.755210645,0.965333012298859,0.9965489337509644
2.458756163,55.940986633,1.756404939,1.006978784834496,0.9966004705344211
2.458756279,55.763454437,1.758063024,0.9866059064007224,0.9966521007781934
2.458756395,55.929790497,1.764792699,1.005681622571214,0.9967038249005463
2.458756512,55.86649704,1.756177506,0.9983799282369334,0.9967560904440671
2.458756628,55.960929871,1.740470048,1.009293514951818,0.996808004406429
2.458756744,55.98141861,1.764169652,1.0116771003984586,0.9968600135188197
2.458756861,55.807128906,1.753988387,0.9915792602140538,0.996912567803151
2.458756977,55.863555908,1.758567027,0.9980419237041334,0.9969647693273348
2.458757093,55.768478394,1.768611538,0.9871767286896751,0.9970170672908562
2.458757209,55.738548279,1.767136014,0.9837809377169899,0.9970694621264188
2.458757326,55.798519135,1.770907716,0.9905968576180053,0.9971224072115219
2.458757442,55.818927765,1.757118667,0.9929271306375472,0.997174997941118
2.458757558,55.868110657,1.758533205,0.9985654190205732,0.9972276868559456
2.458757675,56.095165253,1.748587363,1.0250127129857216,0.9972809298917633
2.458757791,55.860801697,1.773480995,0.9977255045008508,0.99733381735636
2.458757907,55.988140106,1.775028292,1.0124602804293292,0.9973868043373388
2.458758023,55.850681305,1.737913813,0.9965636784329225,0.9974398912813284
2.45875814,55.768444061,1.761455358,0.9871728266516506,0.9974935375858984
2.458758256,55.93680954,1.750665162,1.006494639517498,0.9975468266739723
2.458758372,55.744235992,1.741422395,0.9844253502387434,0.9976002170801462
2.458758488,55.945095062,1.752443621,1.0074551988339622,0.9976537092583876
2.458758605,55.941051483,1.74549317,1.0069863030992563,0.9977077661318174
2.458758721,55.901855469,1.763661654,1.002452406318842,0.9977614641130877
2.458758837,55.951065063,1.735549459,1.0081478827408676,0.9978152652454041
2.458758954,55.747463226,1.749305352,0.9847911804952314,0.9978696351392078
2.45875907,55.853534698,1.767319639,0.9968911123591936,0.9979236448623559
2.458759186,55.888393402,1.756557405,1.000899931033338,0.9979777591333886
2.458759302,55.88117218,1.751801399,1.000068154754096,0.9980319784207312
2.458759419,55.992240906,1.744025635,1.0129383981059719,0.9980867719718003
2.458759535,55.874519348,1.753500363,0.9993024602362487,0.9981412036197425
2.458759651,55.968841553,1.747274558,1.0102132649717173,0.9981957417044773
2.458759768,55.833045959,1.757443173,0.9945423637848039,0.9982508582460524
2.458759884,56.078220367,1.750500179,1.0230150140280532,0.9983056115622931
2.45876,55.790454865,1.746063619,0.9896775812244962,0.9983604727533927
2.458760116,55.81193161,1.758925222,0.9921276874590843,0.9984154423014074
2.458760233,55.926586151,1.738827411,1.005310681001645,0.9984709959780056
2.458760349,55.862346649,1.750844525,0.9979029848941265,0.9985261846369923
2.458760465,55.840229034,1.751900203,0.9953651726655497,0.9985814831141012
2.458760582,55.762985229,1.755139139,0.9865526118160359,0.9986373700413456
2.458760698,55.917060852,1.737510477,1.0042088208019238,0.9986928905816619
2.458760814,55.850158691,1.740959271,0.9965037188336268,0.998748522418404
2.45876093,55.863178253,1.761773606,0.9979985306442926,0.998804266046239
2.458761047,55.854629517,1.756597619,0.9970167741121306,0.9988606039685005
2.458761163,55.879699707,1.72651788,0.999898632850681,0.9989165736462859
2.458761279,55.883377075,1.761507822,1.0003220521972742,0.9989726566157895
2.458761395,55.919513702,1.745448029,1.0044924441882666,0.9990288533796392
2.458761512,55.866466522,1.757551297,0.9983764204206487,0.9990856503808768
2.458761628,55.876934052,1.742098172,0.9995803080092495,0.9991420772397154
2.458761744,55.926452637,1.7518512,1.005295228120677,0.9991986194152186
2.458761861,55.825939178,1.747962985,0.9937289636212644,0.9992557663532388
2.458761977,55.780899048,1.740409195,0.9885893820900604,0.9993125416974445
2.458762093,55.945659637,1.744053465,1.0075206846423488,0.9993694338964149
2.458762209,55.981548309,1.749553558,1.0116922070246495,0.9994264434650095
2.458762326,55.982662201,1.749457418,1.0118219563266366,0.9994840639112113
2.458762442,55.801010132,1.757360615,0.9908809882909458,0.9995413107919549
2.458762558,55.827083588,1.754643525,0.9938599010763866,0.9995986766006619
2.458762675,55.828205109,1.743925766,0.9939882364295184,0.9996566579415241
2.458762791,55.758594513,1.754404506,0.9860540356341395,0.999714264207195
2.458762907,55.845439911,1.745487843,0.995962495661093,0.9997719909736708
2.458763023,55.830909729,1.750013886,0.9942977935585545,0.999829838766385
2.45876314,55.785327911,1.741733585,0.9890935841401715,0.9998883083787173
2.458763256,55.906429291,1.754274677,1.0029804174345178,0.9999464008629166
2.458763372,55.930419922,1.746239387,1.005754502163001,1.0000046159644527
2.458763488,55.884002686,1.735821501,1.0003941041163573,1.0000629542154913
2.458763605,55.977348328,1.723510639,1.0112031309384384,1.000121920670179
2.458763721,55.916072845,1.748469119,1.0040946000416762,1.000180507893375
2.458763837,55.956630707,1.754934875,1.0087940791013992,1.000239219873799
2.458763954,55.934741974,1.765644377,1.0062550847309346,1.0002985649129497
2.45876407,55.908733368,1.74332549,1.0032465099987677,1.0003575291073648
2.458764186,55.812301636,1.760861074,0.992169953809999,1.0004166196785396
2.458764302,55.916194916,1.738315151,1.0041087116293588,1.000475837167388
2.458764419,55.986488342,1.731066693,1.0122677628507641,1.0005356942654002
2.458764535,55.919067383,1.734140114,1.0044408302991137,1.000595168321268
2.458764651,56.005191803,1.742217615,1.0144498432499085,1.0006547709281495
2.458764768,55.808811188,1.727904056,0.9917713277582222,1.0007150181218714
2.458764884,55.797077179,1.727864907,0.9904324209761116,1.000774880585835
2.458765,55.726264954,1.758287395,0.9823906874341216,1.0008348732431411
2.458765116,55.804523468,1.750550779,0.9912818685875052,1.0008949966409697
2.458765233,56.036720276,1.739565239,1.01813883479612,1.0009557713373665
2.458765349,55.918636322,1.737853226,1.0043909834160447,1.0010161590019093
2.458765465,55.939758301,1.730081323,1.0068363910371092,1.0010766790591956
2.458765582,55.984535217,1.75511344,1.012040168063376,1.001137855510272
2.458765698,55.946090698,1.726018538,1.0075706868492442,1.0011986431590179
2.458765814,55.934494019,1.741542237,1.0062263597034873,1.0012595648584042
2.45876593,55.807823181,1.752658138,0.9916585216638107,1.0013206211609198
2.458766047,55.870185852,1.747437677,0.9988040204319942,1.0013823407203026
2.458766163,55.867443085,1.754434733,0.9984886751606655,1.001443669058183
2.458766279,55.98733902,1.739878294,1.01236690710899,1.0015051336620187
2.458766395,55.883281708,1.751883691,1.000311069189958,1.0015667350844548
2.458766512,55.897212982,1.731804788,1.001916752636268,1.0016290067088018
2.458766628,55.942321777,1.737629521,1.0071335836030042,1.001690884619962
2.458766744,55.895282745,1.726319475,1.001694124673318,1.0017529010145474
2.458766861,55.882392883,1.742112686,1.0002087128356987,1.0018155928738814
2.458766977,55.895591736,1.720039208,1.0017297594772996,1.001877889099144
2.458767093,56.032863617,1.720936294,1.0176868669659205,1.001940325470821
2.458767209,55.802520752,1.753138306,0.9910533338849477,1.0020029025404666
2.458767326,55.803970337,1.744891561,0.9912187442219088,1.0020661621507458
2.458767442,55.873714447,1.73849132,0.9992098615139432,1.0021290234958335
2.458767558,55.856784821,1.747202786,0.9972642030989332,1.0021920271962952
2.458767675,55.837284088,1.726353031,0.9950277518675872,1.002255718791988
2.458767791,56.034610748,1.731840474,1.017891591085337,1.0023190100902744
2.458767907,55.737628937,1.730611559,0.9836768167448967,1.0023824453940169
2.458768023,55.863491058,1.745488509,0.9980344722190426,1.0024460252500265
2.45876814,55.815368652,1.708919579,0.9925203541213004,1.0025103001883724
2.458768256,55.89320755,1.740844089,1.0014548328532302,1.002574172039919
2.458768372,55.88848877,1.729342962,1.0009109206213516,1.002638190079383
2.458768488,56.020248413,1.744034024,1.0162098727347508,1.0027023548468428
2.458768605,55.779762268,1.740827311,0.9884600073054772,1.0027672219373014
2.458768721,55.970283508,1.755461648,1.0103809856138926,1.002831683052537
2.458768837,55.923225403,1.751440008,1.0049217810199784,1.002896292510994
2.458768954,56.10313797,1.747473762,1.025953996877612,1.002961609755954
2.45876907,55.796363831,1.718008149,0.9903510828513502,1.0030265187873997
2.458769186,55.96175766,1.733893638,1.009389707963403,1.003091577758068
2.458769302,55.790504456,1.732679503,0.9896832316809355,1.0031567871926985
2.458769419,55.940578461,1.733497227,1.0069314654573922,1.0032227117238635
2.458769535,55.980396271,1.736176899,1.0115580318708985,1.0032882249598556
2.458769651,55.925933838,1.753261477,1.005235184693303,1.0033538902224934
2.458769768,55.859268188,1.757522935,0.9975493698677353,1.0034202760845685
2.458769884,55.93397522,1.757354223,1.0061662606622697,1.0034862482583173
2.45877,55.937530518,1.725793368,1.006578187736535,1.0035523739913355
2.458770116,55.973335266,1.718783262,1.0107360419323188,1.003618653786012
2.458770233,55.676254272,1.730886929,0.9767506363198251,1.0036856615230172
2.458770349,56.013580322,1.736448808,1.0154300355685566,1.0037522522681466
2.458770465,55.917865753,1.72441385,1.0043018827875143,1.0038189985594395
2.458770581,55.890079498,1.725367528,1.0010942435620407,1.0038859008806247
2.458770698,55.929569244,1.742919491,1.0056560054782773,1.0039535384864708
2.458770814,55.850788116,1.744858938,0.9965759333224001,1.0040207556562448
2.45877093,55.937381744,1.721767201,1.0065609469716792,1.0040881302820066
2.458771047,55.996852875,1.724186816,1.0134763834087648,1.0041562456920319
2.458771163,55.939659119,1.71744995,1.0068248942899756,1.0042239379808067
2.458771279,55.963546753,1.746281199,1.0095976403842466,1.0042917891003007
2.458771395,55.851219177,1.737907288,0.9966253923526361,1.0043597994951214
2.458771512,55.893493652,1.725985381,1.0014878200268356,1.0044285579721506
2.458771628,56.09230423,1.728385422,1.0246751422653912,1.0044968896058548
2.458771744,55.902626038,1.703796988,1.002541342863726,1.0045653818099998
2.458771861,55.916015625,1.726949845,1.0040879853935325,1.0046346275391633
2.458771977,55.956653595,1.735438671,1.0087967373563693,1.0047034435164015
2.458772093,56.037853241,1.738884535,1.0182716468564974,1.0047724212899154
2.458772209,55.901679993,1.718486719,1.0024321545577763,1.0048415612509947
2.458772326,55.828392029,1.730014877,0.9940096272470479,1.0049114619244597
2.458772442,55.851211548,1.74788602,0.9966245169959264,1.0049809288023663
2.458772558,55.83637619,1.708770309,0.9949237514103197,1.0050505589882393
2.458772675,55.753498077,1.725387502,0.9854756392383471,1.0051209552180242
2.458772791,55.902053833,1.71327145,1.0024753000865565,1.005190914482374
2.458772907,55.759552002,1.723860445,0.9861627392870973,1.0052610380843823
2.458773023,55.951805115,1.731203579,1.0082337822482994,1.005331326343848
2.45877314,55.973613739,1.74152719,1.0107684470423866,1.005402387643266
2.458773256,56.012741089,1.708688949,1.015331929184199,1.0054730075584837
2.458773372,55.835178375,1.72639897,0.9947865573548438,1.0055437930230977
2.458773488,55.905330658,1.709508936,1.0028535636813,1.0056147443084795
2.458773605,55.867195129,1.72972699,0.99846017172182,1.0056864754760946
2.458773721,55.957813263,1.727537605,1.0089314325278105,1.0057577605969459
2.458773837,55.854560852,1.716665915,0.9970088923764596,1.005829212271255
2.458773954,55.880809784,1.744717258,1.000026430399575,1.0059014488396114
2.45877407,56.070636749,1.716828501,1.0221222132241006,1.00597323568842
2.458774186,55.832752228,1.727874362,0.9945087318834279,1.0060451896881182
2.458774302,56.036254883,1.717853153,1.0180842840232462,1.0061173110050827
2.458774419,55.80355072,1.730681733,0.9911708594102879,1.0061902236953728
2.458774535,55.785404205,1.728896083,0.9891022720513085,1.0062626815204438
2.458774651,55.870136261,1.713340959,0.9987983179017016,1.0063353070566388
2.458774768,55.930427551,1.722137779,1.0057553855387735,1.0064087286556722
2.458774884,55.983695984,1.722892253,1.0119423891931085,1.0064816913220964
2.458775,56.056278229,1.727225083,1.020433953407716,1.0065548219213574
2.458775116,56.005950928,1.735389669,1.0145385074999136,1.0066281204853644
2.458775233,55.884983063,1.744130164,1.00050702504478,1.0067022210876755
2.458775349,55.972225189,1.724068172,1.0106068757574949,1.0067758570395742
2.458775465,55.81502533,1.713487166,0.9924811241341703,1.0068496609198165
2.458775581,55.900356293,1.727287534,1.0022793989513377,1.0069236326694846
2.458775698,55.951271057,1.728008585,1.0081717921947293,1.006998412067965
2.458775814,55.796154022,1.722749774,0.9903271610575577,1.0070727207236985
2.45877593,56.045578003,1.721541231,1.019177645579115,1.0071471969177008
2.458776047,55.889083862,1.732006922,1.0009794978783797,1.0072224846926798
2.458776163,55.944717407,1.738766957,1.007411396501924,1.0072972968838523
2.458776279,55.83385849,1.719927489,0.9946354036843845,1.0073722760340584
2.458776395,55.964366913,1.724885363,1.0096929755461779,1.0074474218918164
2.458776512,55.900089264,1.720296337,1.0022485865000121,1.0075233841400915
2.458776628,56.035903931,1.721737506,1.0180431493194528,1.0075988639615134
2.458776744,56.076984406,1.733680985,1.0228694541882257,1.0076745095407793
2.458776861,55.912223816,1.729488237,1.003649748309905,1.0077509747547602
2.458776977,55.912952423,1.72032137,1.0037339419773654,1.0078269520842358
2.458777093,56.035831451,1.710631326,1.0180346542242267,1.0079030939106484
2.458777209,55.820026398,1.697593954,0.9930527287684754,1.0079793997400814
2.458777326,55.851173401,1.689982906,0.9966201399944269,1.0080565289676553
2.458777442,55.926425934,1.716678033,1.00529213754984,1.0081331625682168
2.458777558,55.980831146,1.706601697,1.011608678647436,1.0082099584469086
2.458777674,56.118507385,1.704450795,1.02777099806129,1.0082869159463688
2.458777791,55.834278107,1.700323028,0.994683455872849,1.008364699876339
2.458777907,55.797271729,1.725374186,0.9904546053226216,1.0084419798429145
2.458778023,55.654163361,1.710651832,0.9742696128871055,1.0085194191783386
2.45877814,55.942989349,1.715143786,1.0072109919107508,1.0085976866724051
2.458778256,56.063724518,1.700396398,1.0213091319317116,1.0086754435172702
2.458778372,56.003978729,1.713254806,1.0143081747678937,1.0087533570371825
2.458778488,55.847862244,1.71112441,0.9962402898030708,1.0088314262317772
2.458778605,55.799549103,1.74102838,0.9907143290114323,1.0089103250567086
2.458778721,56.124874115,1.704673568,1.028524627165812,1.0089887036928809
2.458778837,55.985057831,1.714314344,1.0121010624903615,1.0090672346520768
2.458778954,55.83404541,1.714291175,0.9946568084290783,1.0091465956469132
2.45877907,55.85824585,1.702721471,0.9974319642069599,1.0092254287734712
2.458779186,55.912086487,1.72404953,1.0036338801452789,1.0093044103201378
2.458779302,55.895317078,1.718056618,1.0016980841102645,1.009383538857734
2.458779419,55.923488617,1.706198095,1.0049522342608703,1.0094634969138498
2.458779535,55.81470108,1.726679401,0.9924440748494965,1.009542916103842
2.458779651,55.964447021,1.697309794,1.0097022877595774,1.009622477561454
2.458779768,56.04385376,1.709770592,1.0189753478775092,1.0097028672602855
2.458779884,55.768264771,1.704753862,0.9871524501102942,1.0097827092071654
2.45878,55.790519714,1.703030664,0.9896849702017594,1.0098626880110275
2.458780116,55.843654633,1.710928002,0.9957578088312222,1.009942801710057
2.458780233,55.821784973,1.702820274,0.9932538059838193,1.0100237406083885
2.458780349,55.75030899,1.701417987,0.985113881167894,1.0101041189815876
2.458780465,55.882232666,1.679313084,1.0001902634922153,1.0101846258164169
2.458780581,55.778530121,1.696092463,0.98831979810387,1.0102652587890595
2.458780698,55.905673981,1.711178738,1.0028932037772518,1.0103467121861052
2.458780814,55.885478973,1.697949486,1.0005641493721191,1.0104275911008147
2.45878093,55.813499451,1.693149804,0.9923067870016795,1.0105085885592966
2.458781047,55.84009552,1.702866347,0.9953498726594693,1.0105904015736866
2.458781163,55.83556366,1.68429466,0.9948306846527317,1.0106716287644317
2.458781279,55.970237732,1.702178585,1.0103756607617416,1.0107529659322383
2.458781395,55.950389862,1.700556454,1.0080695170201082,1.0108344099972826
2.458781512,55.829807281,1.704602462,0.9941716012975531,1.0109166611980056
2.458781628,55.884044647,1.6874549,1.0003989369705781,1.0109983101797402
2.458781744,56.079223633,1.702135043,1.023133184474707,1.0110800560434845
2.458781861,55.880401611,1.698769473,0.9999794376084492,1.01116260110231
2.458781977,55.943019867,1.682251083,1.0072145307674858,1.0112445305717845
2.458782093,56.001361847,1.721591432,1.0140026303609657,1.0113265456931984
2.458782209,55.965499878,1.713779049,1.009824685878647,1.011408642444876
2.458782326,56.105255127,1.679128394,1.0262041002659814,1.0114915253741321
2.458782442,55.886566162,1.722623673,1.0006893950825513,1.0115737733150512
2.458782558,55.784828186,1.692574694,0.9890366802887919,1.011656089845248
2.458782674,55.988739014,1.69668768,1.0125300938269837,1.0117384703013403
2.458782791,55.920776367,1.687605235,1.0046384775479185,1.0118216207739414
2.458782907,55.818771362,1.687325603,0.9929092515957553,1.0119041148348737
2.458783023,55.755870819,1.690727392,0.9857448803802433,1.0119866577225407
2.45878314,55.973587036,1.699629408,1.0107653396452767,1.0120699561669455
2.458783256,55.742763519,1.693905076,0.9842584799526045,1.0121525806318377
2.458783372,55.746406555,1.69739901,0.9846713842474145,1.0122352370952006
2.458783488,55.850257874,1.667857763,0.9965150978398964,1.012317919550287
2.458783605,55.884841919,1.675542314,1.000490767134299,1.012401334791571
2.458783721,55.815422058,1.705447349,0.9925264567437381,1.0124840504223311
2.458783837,55.93693161,1.675563886,1.0065087847195577,1.0125667726348848
2.458783954,55.695960999,1.700794008,0.9789692243088104,1.0126502076053963
2.45878407,55.896877289,1.690014065,1.0018780312208277,1.0127329218732388
2.458784186,56.045532227,1.68685196,1.0191722743673093,1.0128156211415265
2.458784302,55.886516571,1.680712042,1.0006836817879787,1.0128982977188798
2.458784419,55.85149765,1.668263229,0.9966573450625381,1.0129816559470899
2.458784535,55.791687012,1.685608397,0.989817983049673,1.0130642625908461
2.458784651,55.926822662,1.67576562,1.0053380553157945,1.0131468217155037
2.458784767,55.843589783,1.68875612,0.9957503743995713,1.0132293244760038
2.458784884,55.752578735,1.685313319,0.9853713389031833,1.013312472069846
2.458785,55.781341553,1.683916624,0.9886397473267933,1.0133948336219964
2.458785116,55.916381836,1.687707234,1.004130320241456,1.013477110275416
2.458785233,55.98323822,1.693328102,1.0118890591821639,1.0135599998881735
2.458785349,56.02576828,1.679206557,1.0168558774984244,1.0136420749489712
2.458785465,55.977767944,1.675023131,1.0112519834199036,1.013724033451662
2.458785581,55.942955017,1.676096252,1.0072070107987547,1.0138058641243846
2.458785698,55.885131836,1.695274873,1.0005241620005318,1.0138882588945435
2.458785814,55.88225174,1.693945423,1.0001924598878442,1.0139697971417887
2.45878593,55.889266968,1.673211782,1.0010005996067572,1.014051171212706
2.458786047,55.779808044,1.668525018,0.9884652166583947,1.0141330673354643
2.458786163,55.929821014,1.678868735,1.0056851559386948,1.0142140720886479
2.458786279,55.908618927,1.663882329,1.0032332918043994,1.014294872359704
2.458786395,55.968429565,1.690025516,1.0101653498024448,1.0143754538034253
2.458786512,55.963241577,1.652495185,1.009562169111893,1.014456493165139
2.458786628,55.880531311,1.671544909,0.9999943696772182,1.0145365896781124
2.458786744,55.975643158,1.662920395,1.0110046361295713,1.0146164211086381
2.458786861,55.885700226,1.672128142,1.0005896367601168,1.0146966554943102
2.458786977,56.102581024,1.674126844,1.0258882140183305,1.0147759041430082
2.458787093,55.978042603,1.662943831,1.0112839610136253,1.014854836416681
2.458787209,55.914672852,1.679871815,1.0039327729648269,1.0149334340569147
2.458787326,55.900482178,1.683316214,1.0022939251382572,1.0150123510916689
2.458787442,55.90322876,1.664898458,1.0026109125582283,1.015090218808929
2.458787558,55.930160522,1.694859553,1.005724466227357,1.0151676930133815
2.458787674,55.878299713,1.68283578,0.9997374819108552,1.0152447527432749
2.458787791,56.076450348,1.670476982,1.0228065642777935,1.0153220348870544
2.458787907,55.875972748,1.664933479,0.9994696863669129,1.0153981957561442
2.458788023,55.80096817,1.680563172,0.9908762013031608,1.0154738745344416
2.45878814,55.982666016,1.683566285,1.0118224007372587,1.0155496929107846
2.458788256,55.977073669,1.656574482,1.0111711559006273,1.0156243297332164
2.458788372,55.773895264,1.688469964,0.9877925637975594,1.0156984094223238
2.458788488,56.008739471,1.68362634,1.014864270150431,1.0157719052485414
2.458788605,56.019672394,1.640113616,1.016142483346896,1.0158454151056462
2.458788721,55.830665588,1.67545696,0.9942698464562777,1.0159176535452648
2.458788837,56.000343323,1.652669755,1.0138837334480126,1.0159892218476145
2.458788954,55.897270203,1.660734606,1.0019233530962937,1.0160606970559614
2.45878907,55.957611084,1.656408034,1.0089079481891225,1.0161308252984962
2.458789186,55.894088745,1.670275114,1.0015564369253462,1.0162001875546895
2.458789302,55.839202881,1.664826686,0.9952475869410099,1.01626874965671
2.458789419,55.962562561,1.672005237,1.009483250071888,1.0163370563238288
2.458789535,55.968307495,1.663724936,1.0101511532120089,1.0164039029875649
2.458789651,55.894721985,1.670537435,1.0016294575074676,1.0164698391240807
2.458789767,55.780281067,1.659376527,0.9885190487393273,1.0165348253678304
2.458789884,55.879001617,1.674301947,0.9998182736455405,1.0165993681871321
2.45879,55.958366394,1.668628881,1.0089956849009427,1.016662321707854
2.458790116,56.064117432,1.657809523,1.0213553328103095,1.0167241980941029
2.458790233,55.824047089,1.672896064,0.9935125184503961,1.0167854706602113
2.458790349,55.868019104,1.649126153,0.9985548937684906,1.0168450445984984
2.458790465,55.758338928,1.684374954,0.9860250211148052,1.0169033997091461
2.458790581,55.953323364,1.667864287,1.008410031750293,1.0169604853994632
2.458790698,55.733959198,1.653373629,0.9832613066627145,1.0170167240350534
2.458790814,56.001544952,1.64825743,1.0140240065142911,1.0170710994856726
2.45879093,55.8919487,1.658319784,1.0013097020586073,1.0171240417856156
2.458791047,55.942470551,1.681284089,1.0071508341762014,1.0171759293100227
2.458791163,55.920711517,1.649815379,1.0046309768122688,1.017225813967678
2.458791279,55.865180969,1.656207365,0.9982286668938318,1.0172740827984743
2.458791395,55.91595459,1.650023904,1.0040809297783424,1.0173206704886313
2.458791512,55.862365723,1.639232376,0.9979051762669423,1.0173658880115874
2.458791628,55.777225494,1.669774173,0.988171362892481,1.0174088915911244
2.458791744,55.87392807,1.640249437,0.9992344366400427,1.0174500023557465
2.458791861,55.760437012,1.634553069,0.9862632250619535,1.0174894732069895
2.458791977,55.819488525,1.640182725,0.9929912359640751,1.0175265502295923
2.458792093,55.761714935,1.655903898,0.9864083410181909,1.0175614977376979
2.458792209,55.897415161,1.646735433,1.0019400742409774,1.0175942309713057
2.458792326,55.943637848,1.642790226,1.007286194305934,1.0176249139847224
2.458792442,55.953063965,1.652801182,1.0083799166257879,1.017652930215386
2.458792558,55.778736115,1.643983323,0.9883432373105755,1.0176784570148014
2.458792674,55.917488098,1.647449693,1.0042582175559613,1.0177013957548204
2.458792791,56.061481476,1.641592869,1.0210454233646067,1.0177218065240135
2.458792907,56.008022308,1.66508155,1.0147804798780649,1.017739233179732
2.458793023,55.862068176,1.638083222,0.9978709922491673,1.0177537512627817
2.45879314,56.068565369,1.640867025,1.0218784902243,1.0177653313668724
2.458793256,55.779254913,1.654040218,0.9884022716558752,1.017773655119339
2.458793372,55.858314514,1.621685607,0.9974398491723403,1.0177787103851375
2.458793488,55.997772217,1.641740142,1.0135836586280613,1.0177803679111073
2.458793605,55.940490723,1.649479688,1.0069212942820267,1.01777846137002
2.458793721,55.853908539,1.658077037,0.9969340195116028,1.017772882533434
2.458793837,55.790985107,1.640497245,0.9897379992887155,1.0177634850745283
2.458793954,55.854625702,1.641884885,0.9970163362044072,1.0177499847174016
2.45879407,55.943565369,1.64499599,1.0072777890884466,1.0177324536192884
2.458794186,55.71421814,1.629873895,0.9810291142189151,1.0177106298108634
2.458794302,55.900325775,1.661310514,1.002275877434229,1.0176843426770545
2.458794419,55.725593567,1.637783617,0.9823147552183473,1.0176531272739062
2.458794535,55.881183624,1.638761396,1.000069472383951,1.017617330906038
2.458794651,55.822715759,1.619293556,0.9933602494585517,1.0175765143987174
2.458794767,55.827846527,1.627036963,0.9939472021834562,1.0175304771040254
2.458794884,55.895141602,1.614356587,1.00167784758818,1.0174785420883754
2.458795,55.814186096,1.636830338,0.9923852348584581,1.017421377747007
2.458795116,55.938907623,1.640055559,1.0067377883996236,1.0173583368850088
2.458795233,55.946903229,1.624232787,1.0076649455544933,1.0172885594421313
2.458795349,55.875278473,1.624457159,0.9993898005850648,1.017212989710451
2.458795465,55.894306183,1.623158335,1.001581509677071,1.0171308007268232
2.458795581,55.886997223,1.643313937,1.0007390582596292,1.0170417241920706
2.458795698,55.651298523,1.610519638,0.9739483257786489,1.0169446185686666
2.458795814,55.959064484,1.620937125,1.0090767817296025,1.016840849679997
2.45879593,55.963260651,1.600105347,1.0095643860880188,1.0167293141369331
2.458796047,55.718044281,1.60868259,0.9814613534846699,1.0166086265883398
2.458796163,55.842937469,1.629693865,0.9956755959316232,1.0164805156359833
2.458796279,55.98733902,1.612777866,1.01236690710899,1.0163436383519455
2.458796395,55.957199097,1.637866574,1.0088600950481483,1.0161976326552138
2.458796512,55.833087921,1.625701521,0.9945471684840589,1.0160407372718654
2.458796628,55.690692902,1.596329517,0.9783756476712052,1.0158752361754515
2.458796744,55.927577972,1.592223189,1.0054254815823824,1.0156994169442237
2.45879686,55.696750641,1.614717978,0.9790582273226826,1.015512847968256
2.458796977,55.890735626,1.60509438,1.0011698686045816,1.0153133231050118
2.458797093,55.924682617,1.601648116,1.0050903888419336,1.0151037778166727
2.458797209,55.708904266,1.60003464,0.980429121470334,1.0148820621967467
2.458797326,55.727020264,1.612998508,0.982476118150365,1.0146455826045302
2.458797442,55.768615723,1.591078962,0.9871923366550464,1.0143978373398657
2.458797558,55.712970734,1.585029325,0.9808882358764667,1.014136295255893
2.458797674,55.821987152,1.603480104,0.9932769259412195,1.0138603645454027
2.458797791,55.853908539,1.577435321,0.9969340195116028,1.0135668504176742
2.458797907,55.761493683,1.592354083,0.9863832149749462,1.013260116608064
2.458798023,55.749946594,1.604507951,0.985072780728263,1.0129370402488695
2.45879814,55.710781097,1.594523361,0.9806409936748135,1.0125939006820872
2.458798256,55.839416504,1.596874533,0.9952720646167128,1.0122358117265131
2.458798372,55.730731964,1.628169738,0.9828960447238025,1.0118591326382025
2.458798488,55.839347839,1.607042349,0.995264196673527,1.0114630430790104
2.458798605,55.700092316,1.587574375,0.9794349675265585,1.011043002821936
2.458798721,55.900547028,1.582608378,1.0023014084251052,1.010605283176967
2.458798837,55.993927002,1.597082393,1.0131350477564047,1.0101454358737225
2.458798954,55.879676819,1.578700722,0.999895998042882,1.0096582003462165
2.45879907,55.955825806,1.565015536,1.0087006008538102,1.0091508549397907
2.458799186,55.666557312,1.591039813,0.9756607966838237,1.0086182412797042
2.458799302,55.705272675,1.574340062,0.9800192874181743,1.0080592094703889
2.458799419,55.902370453,1.578882616,1.002511843207394,1.0074673706863977
2.458799535,55.841850281,1.598231813,0.9955509778600331,1.0068515637583424
2.458799651,55.92124939,1.592844637,1.0046931904289789,1.006205517525467
2.458799767,55.828090668,1.576623723,0.9939751402167949,1.005527830437336
2.458799884,55.874736786,1.58999106,0.9993274765623985,1.004810753174379
2.4588,55.761795044,1.555327222,0.9864174385952365,1.0040649829188455
2.458800116,55.994281769,1.559217568,1.0131764291504575,1.0032829059899868
2.458800233,55.828739166,1.547683151,0.9940493542559856,1.0024555678094287
2.458800349,55.824398041,1.564953485,0.9935526619778974,1.0015952939642658
2.458800465,55.722930908,1.571398734,0.9820136728338775,1.0006932809460556
2.458800581,55.710945129,1.564644158,0.9806595131390325,0.9997475303767638
2.458800698,55.782165527,1.518559754,0.9887335376143606,0.99874718473092
2.458800814,55.579364777,1.547535213,0.9659157065053183,0.9977071125771907
2.45880093,55.703437805,1.559409183,0.979812282937921,0.9966166312059211
2.458801047,55.851314545,1.571261448,0.9966363350074672,0.9954631891737895
2.458801163,55.783351898,1.553070193,0.9888685940053932,0.9942638952399235
2.458801279,55.665882111,1.551156845,0.9755849562611456,0.9930063936293542
2.458801395,55.519603729,1.535981754,0.9592927796844148,0.9916878089458205
2.458801512,55.728820801,1.536640087,0.9826798011395705,0.9902929033228549
2.458801628,55.861068726,1.529495093,0.9977561778976087,0.988842303980226
2.458801744,55.668403625,1.537653687,0.9758682097129412,0.987321001848362
2.45880186,55.576324463,1.522760224,0.9655776670799189,0.9857254470142441
2.458801977,55.719394684,1.522253691,0.9816139540178108,0.9840371196729905
2.458802093,55.78194809,1.499226669,0.9887087866018255,0.9822809057225661
2.458802209,55.632343292,1.502173323,0.971825194271945,0.9804385559341768
2.458802326,55.77627182,1.534950578,0.9880628718061223,0.9784886143261166
2.458802442,55.64925766,1.482455412,0.9737195108056688,0.9764597548209752
2.458802558,55.517044067,1.49591343,0.9590101254474954,0.9743308316117019
2.458802674,55.623855591,1.507450777,0.970876007354615,0.972096704989012
2.458802791,55.579917908,1.507369284,0.9659772194826991,0.9697312478789573
2.458802907,55.676330566,1.514147828,0.9767592158140888,0.9672691459760263
2.458803023,55.337337494,1.424477729,0.9393725471586141,0.9646846519077218
2.45880314,55.174415588,1.436157954,0.9219168837883642,0.9619474626626519
2.458803256,55.359127045,1.4498739,0.9417320292794491,0.9590976493557255
2.458803372,55.499183655,1.463938852,0.957040181247282,0.9561053599145581
2.458803488,55.632328033,1.477580229,0.9718234870124434,0.9529632078738399
2.458803605,55.585624695,1.477360119,0.9666120925714211,0.9496342716907759
2.458803721,55.517864227,1.452377804,0.9591006836876756,0.9461672346707206
2.458803837,55.45905304,1.480473088,0.9526286556730134,0.9425257616982474
2.458803953,55.491981506,1.456558168,0.9562469534486021,0.938700856062647
2.45880407,55.332744598,1.420003885,0.9388759601528663,0.9346475824825933
2.458804186,55.199729919,1.439331111,0.9246076559637357,0.9304252749518344
2.458804302,55.23620224,1.421662768,0.9284982749947289,0.9259897947965019
2.458804419,55.084274292,1.40114471,0.9123987966603463,0.9212891622337869
2.458804535,55.059051514,1.404474859,0.9097531435672593,0.916392370711873
2.458804651,55.332817078,1.420386714,0.9388837947002013,0.9112484730575608
2.458804767,55.297470093,1.393974148,0.9350707970572921,0.9058452462721174
2.458804884,55.124046326,1.440854439,0.9165861815266522,0.9001198582387163
2.458805,55.315872192,1.421275811,0.9370539567340155,0.8941569428612398
2.458805116,55.235580444,1.401125268,0.9284318090513337,0.8878951792129981
2.458805233,54.940994263,1.372239292,0.8974715750357088,0.8812625025660765
2.458805349,55.049045563,1.389040243,0.9087057316643296,0.8743578276089435
2.458805465,55.001216888,1.395195341,0.9037157133223607,0.8671111421002089
2.458805581,54.926654816,1.352995023,0.8959911706546368,0.8595074808301666
2.458805698,55.258487701,1.4109518,0.930883589627055,0.851461254402296
2.458805814,54.90051651,1.377400498,0.8932989319273026,0.8430946032799276
2.45880593,54.772327423,1.338967621,0.8802121526894532,0.8343250694619357
2.458806047,54.771068573,1.357423727,0.8800845923792268,0.8250563711833344
2.458806163,55.083236694,1.350120141,0.9122898099401899,0.8154318596075898
2.458806279,54.20533371,1.328273165,0.8245892614497524,0.8053595563483761
2.458806395,54.363071442,1.31924172,0.8397007891295916,0.7948254582668801
2.458806512,54.330692291,1.309441287,0.8365763901725297,0.783719344380545
2.458806628,54.350345612,1.319132264,0.838471431432263,0.7722187939692957
2.458806744,54.279685974,1.284352446,0.8316781426378423,0.7602200683113732
2.45880686,53.281383514,1.20294547,0.7413788031831313,0.747713879769121
2.458806977,53.562824249,1.214169629,0.7657944273364841,0.7345783580696607
2.458807093,54.048294067,1.297663324,0.8098147682971651,0.7210329351040193
2.458807209,53.994766235,1.24823825,0.8048395340778884,0.7069651920541422
2.458807326,54.015651703,1.219954015,0.8067771221250803,0.692247834656644
2.458807442,53.544696808,1.219022974,0.7641978818814551,0.677136796453912
2.458807558,53.728294373,1.235282771,0.7805230049416035,0.6615169451409876
2.458807674,52.459621429,1.158633,0.6744535744524028,0.6454012941037588
2.458807791,52.780345917,1.170070344,0.6998231182908125,0.6286629607412181
2.458807907,51.268756866,1.112237737,0.5880426587596846,0.6116121967906913
2.458808023,51.936752319,1.15610313,0.6350510013737062,0.5941383307856127
2.45880814,51.119430542,1.116094927,0.5780195350678041,0.5761232544935637
2.458808256,50.439071655,1.150935798,0.5344715246171831,0.5579204195956656
2.458808372,49.960983276,1.143027941,0.5058481348631363,0.5394311400434809
2.458808488,47.507472992,1.27766365,0.38136834209029424,0.5207183537170099
2.458808605,46.30871582,1.398666638,0.33220547082793006,0.5016920384617986
2.458808721,47.325820923,1.289007385,0.3734754294967281,0.4827620354525098
2.458808837,47.433170319,1.349925597,0.37811987458532725,0.4638621638318979
2.458808953,46.111915588,1.464244317,0.324763167562402,0.44510110771775613
2.45880907,46.365818024,1.392982787,0.3343966287617315,0.4264432762324297
2.458809186,46.878845215,1.266481969,0.35474252258036154,0.4083455023449966
2.458809302,45.557254791,1.531097783,0.30467283152714547,0.39079900296042513
2.458809419,45.428775787,1.598129414,0.3001993714374296,0.37382943971586546
2.458809535,45.622970581,1.573085447,0.3069866702534099,0.35790967757809794
2.458809651,45.548007965,1.68959475,0.30434865545404455,0.3430851448399178
2.458809767,45.125659943,1.727064095,0.2899038522935118,0.3295580555227621
2.458809884,46.040424347,1.841066697,0.3221010989644567,0.3174361809161492
2.45881,45.622028351,1.857953269,0.3069533706866233,0.30712545698827154
2.458810116,45.971130371,2.001173545,0.3195416752876876,0.2986939400286534
2.458810233,45.993747711,2.037443669,0.32037481969568204,0.29224154353829995
2.458810349,46.352615356,1.89639307,0.3338887275358737,0.28797904003772645
2.458810465,45.940929413,1.883743321,0.31843255381080765,0.28588479118816296
2.458810581,45.671360016,1.880607715,0.30870167789738456,0.2859382736819997
2.458810698,45.960998535,1.922402034,0.3191691565857554,0.2880838901645431
2.458810814,45.779659271,1.909116722,0.3125747933833746,0.29214714576427014
2.45881093,47.79757309,2.118555566,0.3943207613924223,0.2979594318434322
2.458811046,47.480426788,2.138601313,0.38018268071676625,0.3053166156191171
2.458811163,46.730625153,2.032973553,0.3487403883811071,0.3140835013656669
2.458811279,46.911048889,2.148757677,0.3560602018249496,0.32389483759893284
2.458811395,47.472457886,2.147069899,0.3798340406465804,0.3346168835748988
2.458811512,48.231216431,2.208719814,0.41450694432293833,0.346164090415516
2.458811628,47.405582428,2.092600664,0.37692080555836793,0.35817049287240466
2.458811744,47.907299042,2.209264963,0.3993336808961645,0.370584963672682
2.45881186,47.849094391,2.202650603,0.39666666858666794,0.3832803772435767
2.458811977,48.300636292,2.178696002,0.4178330641872507,0.39625952033275114
2.458812093,48.252693176,2.208537787,0.4155331230177302,0.4092080906945007
2.458812209,48.019355774,2.188357551,0.404518863043225,0.42215958313903507
2.458812326,48.763977051,2.194239675,0.4407271872547322,0.43516085837956664
2.458812442,49.744907379,2.282826799,0.4934195560233049,0.44793675375557485
2.458812558,48.985942841,2.237408717,0.45213500414659485,0.4605559041357087
2.458812674,49.721054077,2.293335899,0.4920663797886521,0.47298373259578647
2.458812791,50.051712036,2.178694804,0.5111596816928106,0.4852969228757375
2.458812907,49.811721802,2.248626218,0.4972297203344646,0.4972632774678328
2.458813023,50.241226196,2.237450262,0.5224350417032558,0.5089725199454529
2.45881314,49.938121796,2.234617192,0.5045184804583095,0.5205098280542564
2.458813256,50.499401093,2.270963748,0.5381967165483528,0.5316692701052743
2.458813372,50.442241669,2.268063566,0.534666621665111,0.5425449951060374
2.458813488,51.002857208,2.265409459,0.5703137595536845,0.5531338748217903
2.458813605,50.448383331,2.275445315,0.5350448100862971,0.5635224213947801
2.458813721,50.322639465,2.251255291,0.5273548718227348,0.5735337578797868
2.458813837,49.875793457,2.247812889,0.5009111074714868,0.5832600487296774
2.458813953,50.955928802,2.237655326,0.5672407588219242,0.5927045926091495
2.45881407,51.049022675,2.299198582,0.5733530445326541,0.6019494679948878
2.458814186,50.569309235,2.232209028,0.5425458563923948,0.6108416844682716
2.458814302,52.005714417,2.255219672,0.640113092473814,0.6194670535993669
2.458814419,51.258613586,2.242033563,0.5873563502523232,0.6279026376568457
2.458814535,51.026470184,2.260175016,0.5718662921474693,0.6360107033355901
2.458814651,51.833530426,2.249409187,0.6275488102167294,0.6438711353643765
2.458814767,51.932640076,2.216778007,0.6347504143237237,0.6514907744375937
2.458814884,52.160396576,2.25761412,0.6516146172973256,0.6589392370423928
2.458815,51.842842102,2.242308135,0.6282219323523089,0.6660962359611644
2.458815116,52.160060883,2.239701965,0.6515894341269306,0.6730334145160417
2.458815233,52.475574493,2.246734575,0.6756934575762985,0.6798147761617049
2.458815349,52.107444763,2.254529647,0.6476542613354692,0.6863313149909743
2.458815465,52.12247467,2.223338172,0.6487759207750393,0.6926486626034406
2.458815581,52.392841339,2.239623668,0.6692880274085337,0.6987734602666082
2.458815698,52.691413879,2.245494341,0.6926944104034891,0.7047626158165164
2.458815814,52.858287811,2.224438191,0.7061311655384099,0.7105201452617488
2.45881593,53.071578979,2.23459562,0.7236856118593027,0.7161042166233681
2.458816046,52.920463562,2.21622114,0.7112039619560433,0.7215208464714614
2.458816163,52.549224854,2.224857772,0.6814472322050177,0.7268204930449249
2.458816279,52.990398407,2.205652252,0.7169533685303513,0.7319182687290055
2.458816395,53.197738647,2.193623553,0.7342736129629893,0.7368656418245447
2.458816512,53.19499588,2.208859897,0.7340417859909582,0.7417087004061592
2.458816628,53.040802002,2.181375808,0.7211258922588752,0.7463698199229087
2.458816744,52.754695892,2.224192381,0.6977595412940797,0.750895960526192
2.45881686,52.988357544,2.199148413,0.7167849307792857,0.755291897158504
2.458816977,53.03610611,2.221981558,0.7207361320580027,0.759598514292421
2.458817093,53.236198425,2.233014635,0.7375320717835924,0.7637466630314586
2.458817209,53.073184967,2.198544808,0.7238194309508948,0.7677779597227933
2.458817326,53.233047485,2.197562235,0.7372645692092654,0.7717298207767417
2.458817442,53.476688385,2.15642838,0.7582377602069992,0.7755386808455219
2.458817558,53.377342224,2.18336439,0.7496147102090667,0.7792426057912549
2.458817674,53.642089844,2.147715316,0.7728148905098835,0.7828452600603872
2.458817791,53.359394073,2.160809014,0.7480673376829916,0.7863799677817168
2.458817907,53.605049133,2.141962488,0.7695262621309339,0.7897897196118475
2.458818023,53.545440674,2.171471645,0.7642633311546659,0.793108400609491
2.458818139,53.484287262,2.195277775,0.7589013970705286,0.7963391426040887
2.458818256,53.74937439,2.144671722,0.7824195775098519,0.799511714722372
2.458818372,53.601921082,2.165697645,0.7692491823949149,0.8025747994899722
2.458818488,53.792915344,2.129769339,0.786351566749869,0.805558655768769
2.458818605,53.756767273,2.159200731,0.7830858073337151,0.8084906946305067
2.458818721,53.754657745,2.177675079,0.782895643640661,0.811323383684434
2.458818837,53.74949646,2.139077486,0.7824305735773767,0.8140845788290029
2.458818953,53.720272064,2.148399615,0.7798024447842662,0.8167766542748837
2.45881907,53.876319885,2.14398223,0.7939387212546791,0.8194242398549094
2.458819186,53.845413208,2.144698354,0.7911186988928902,0.821984287866446
2.458819302,53.985794067,2.160992905,0.8040085970618165,0.8244818218142458
2.458819419,54.103302002,2.117056606,0.8149596175189214,0.826939622416937
2.458819535,53.97151947,2.11024384,0.8026883554232758,0.8293176411316158
2.458819651,54.171062469,2.131753527,0.8213421537055242,0.8316390191004491
2.458819767,54.046253204,2.148023577,0.8096245141128082,0.8339055615725827
2.458819884,54.018436432,2.142480207,0.8070358193827913,0.8361378610309297
2.45882,54.230148315,2.118259689,0.8269483880475185,0.8382994418040786
2.458820116,54.005981445,2.131939682,0.8058794130935385,0.8404112180420573
2.458820233,54.291530609,2.113196887,0.8328130458172691,0.8424923214329686
2.458820349,54.047523499,2.07965637,0.8097429288318515,0.8445086785709657
2.458820465,54.518001556,2.111543729,0.85481289908687,0.8464797172643151
2.458820581,54.365894318,2.113179177,0.8399737325499497,0.8484068193609776
2.458820698,54.199905396,2.093194017,0.8240740890017836,0.8503073801727051
2.458820814,54.221595764,2.076356847,0.8261345350368451,0.8521502029421532
2.45882093,54.761394501,2.096338544,0.8791049273693322,0.8539529488741483
2.458821046,54.517379761,2.080349191,0.8547517079614538,0.8557168086191312
2.458821163,54.496887207,2.056267025,0.8527374757107459,0.8574576494348969
2.458821279,54.546588898,2.097572387,0.8576309278199719,0.8591468277329752
2.458821395,54.504688263,2.057321636,0.8535036886453188,0.8608004502920549
2.458821512,54.515720367,2.107404245,0.8545884276945708,0.8624333565424683
2.458821628,54.489894867,2.071824146,0.8520512787607271,0.864018633134318
2.458821744,54.578083038,2.08263951,0.8607462536235515,0.8655713413123245
2.45882186,54.672828674,2.062921731,0.8701866633479366,0.8670924050447648
2.458821977,54.332420349,2.096291806,0.8367428436274712,0.8685954325526059
2.458822093,54.508911133,2.066313267,0.8539187424348532,0.8700555981746344
2.458822209,54.646903992,2.061228094,0.8675932986303883,0.8714867107609632
2.458822326,54.714302063,2.056167422,0.8743515663215352,0.8729015461980322
2.458822442,54.527603149,2.043872673,0.8557583524581848,0.8742767002182457
2.458822558,54.712547302,2.051814885,0.8741749438772618,0.8756251350788657
2.458822674,54.818260193,2.037052717,0.8848792248439201,0.8769475746381752
2.458822791,54.71263504,2.084277354,0.8741837741470212,0.8782557928313949
2.458822907,54.794937134,2.078288837,0.8825063640710799,0.879528108106879
2.458823023,54.686756134,2.090231916,0.8715830904491618,0.8807764636595753
2.458823139,54.606311798,2.065557995,0.8635481917815434,0.8820014918229687
2.458823256,54.63677597,2.068842471,0.8665822469811236,0.8832140719779416
2.458823372,54.695297241,2.059335785,0.8724405668901645,0.8843940721953598
2.458823488,54.89220047,2.04487229,0.8924440794138317,0.8855525259112773
2.458823605,54.782440186,2.046878316,0.88123755838735,0.8866997031868179
2.458823721,54.77947998,2.052072546,0.8809372782380901,0.8878165342888344
2.458823837,54.680747986,2.0301526,0.8709804130351522,0.8889134329977731
2.458823953,55.007118225,2.04756195,0.9043299213445501,0.8899909020492605
2.45882407,54.710887909,2.024443448,0.8740079533573242,0.8910584726487667
2.458824186,54.826889038,2.028037517,0.8857587294104341,0.8920983707839348
2.458824302,54.815761566,2.030824648,0.8846247126138271,0.8931202588735766
2.458824419,54.999172211,2.039349826,0.9035030017477502,0.8941331625688096
2.458824535,54.883163452,2.041352124,0.8915160410126393,0.8951201995266137
2.458824651,54.977760315,2.023660479,0.9012784873003544,0.8960905181124795
2.458824767,55.077331543,2.007145151,0.9116697953578535,0.8970445216847726
2.458824884,55.029621124,2.012153625,0.9066758443724873,0.8979906201955723
2.458825,55.156360626,2.024234523,0.9200025276089007,0.8989130231125577
2.458825116,54.951023102,1.998257917,0.8985084056208749,0.8998202528166087
2.458825233,55.017086029,2.022295742,0.9053683132694857,0.9007202961950298
2.458825349,54.829025269,2.015002808,0.8859766020796459,0.9015981168459145
2.458825465,55.02589035,1.994769442,0.9062864914723577,0.9024618070509313
2.458825581,54.872180939,1.994508452,0.8903895128665041,0.9033116932430854
2.458825698,55.090183258,2.035388507,0.9130197080415358,0.904155244970056
2.458825814,54.988887787,2.015999763,0.9024338528790525,0.9049783525170993
2.45882593,54.967002869,2.002814985,0.9001629477707048,0.9057885822882352
2.458826046,55.083763123,2.025668103,0.9123451031094776,0.9065862246193856
2.458826163,54.846492767,1.997472018,0.8877601115039179,0.9073782790615704
2.458826279,55.198013306,1.975523176,0.9244249416122788,0.9081514822891739
2.458826395,55.039875031,2.001321084,0.9077468296124727,0.908912922986071
2.458826512,55.020137787,1.998329955,0.9056864672576417,0.9096692757737933
2.458826628,55.124588013,1.998467774,0.9166433453085884,0.9104078650503662
2.458826744,55.25617981,1.968255942,0.9306362813425685,0.9111354492832722
2.45882686,55.194366455,2.023429183,0.9240368947294498,0.9118522664571196
2.458826977,55.135749817,1.979546946,0.917822035175557,0.9125645915423828
2.458827093,54.932476044,1.967592282,0.8965918595058497,0.9132604748123884
2.458827209,55.166557312,1.958216224,0.9210831866751527,0.9139462686395399
2.458827326,55.18113327,1.98312983,0.9226301716869787,0.9146279707239423
2.458827442,55.248649597,1.998145398,0.9298298178878863,0.9152941369501506
2.458827558,55.100631714,1.974105709,0.9141186612490294,0.9159508379801631
2.458827674,55.219093323,1.964697826,0.9266711777572308,0.9165982703559684
2.458827791,55.145454407,1.983254865,0.918848074491512,0.9172420895822062
2.458827907,55.233596802,1.980127382,0.9282198024375398,0.9178714778779862
2.458828023,55.3842659,1.956186896,0.9444615547447566,0.9184921582842135
2.458828139,55.068416595,1.976739708,0.9107345636575706,0.9191043075539549
2.458828256,55.278083801,1.964256939,0.9329861124023634,0.9197132671323175
2.458828372,55.248142242,1.956983846,0.9297755068098872,0.920308796430966
2.458828488,55.121395111,1.983513858,0.9163064524137315,0.920896299481204
2.458828605,55.297676086,1.984370464,0.9350929732914826,0.921480898725956
2.458828721,55.119163513,1.941266935,0.9160710631705495,0.9220527574197479
2.458828837,55.308158875,1.945260611,0.9362221955418064,0.9226170571819833
2.458828953,55.322399139,1.955214575,0.93775836356991,0.9231739456029097
2.45882907,55.311412811,1.950291056,0.9365729918254033,0.9237282735331468
2.458829186,55.382900238,1.957669477,0.9443130709489076,0.924270706633175
2.458829302,55.428157806,1.926306095,0.9492462268124775,0.9248061507478722
2.458829419,55.385635376,1.970771031,0.94461047666938,0.9253392667852457
2.458829535,55.476596832,1.971218309,0.9545547230375053,0.925861072847507
2.458829651,55.32983017,1.970559976,0.9385609863861086,0.9263762819358488
2.458829767,55.344043732,1.939139868,0.9400981019023247,0.926885018083395
2.458829884,55.45955658,1.933320728,0.9526838832383835,0.9273917059729387
2.45883,55.374015808,1.940664395,0.9433476667747421,0.9278878032797283
2.458830116,55.26902771,1.956260798,0.9320138684115332,0.9283777832132678
2.458830232,55.629451752,1.953025856,0.9715017266878928,0.9288617583821416
2.458830349,55.108039856,1.939305384,0.9148986400210088,0.9293439348225475
2.458830465,55.156246185,1.965628068,0.9199904061889823,0.9298161783571568
2.458830581,55.485637665,1.940118979,0.9555488022939618,0.9302827402692395
2.458830698,55.326347351,1.946239057,0.938184722940486,0.9307476730286067
2.458830814,55.274078369,1.94356724,0.932555972132242,0.9312031298573991
2.45883093,55.338504791,1.943654858,0.9394987979499901,0.931653206200897
2.458831046,55.33013916,1.930516153,0.9385943751499124,0.9320979975928281
2.458831163,55.278060913,1.943265371,0.9329836539140681,0.9325413647467736
2.458831279,55.44839859,1.945293901,0.9514608407089535,0.9329758206311858
2.458831395,55.324516296,1.934247508,0.9379869669428823,0.9334052661331609
2.458831512,55.178806305,1.930364886,0.9223830305592776,0.9338334269579032
2.458831628,55.332149506,1.953042634,0.9388116376186153,0.9342530699574649
2.458831744,55.501056671,1.928343546,0.9572465786265567,0.9346679590549689
2.45883186,55.565879822,1.925588772,0.9644172734589589,0.9350781757444224
2.458831977,55.539291382,1.951375629,0.961469602592805,0.9354872767444905
2.458832093,55.416568756,1.931887415,0.9479805503166943,0.9358883473887946
2.458832209,55.389713287,1.943199325,0.9450540629911122,0.9362849801968379
2.458832326,55.525360107,1.923978625,0.9599287401092909,0.9366806126393302
2.458832442,55.411064148,1.914262482,0.9473799661078716,0.9370685552739934
2.458832558,55.439418793,1.945786453,0.9504776932633832,0.9374522796816577
2.458832674,55.23091507,1.944122776,0.9279332627024316,0.9378318557395389
2.458832791,55.294116974,1.934933672,0.9347098900384877,0.9382105713368339
2.458832907,55.437908173,1.923799794,0.950312403831391,0.9385820201247991
2.458833023,55.224876404,1.925305945,0.9272883625386951,0.938949521996127
2.458833139,55.552570343,1.926017275,0.962940618479565,0.9393131411002407
2.458833256,55.246864319,1.9228834,0.9296387224213676,0.9396760255364276
2.458833372,55.255748749,1.907251577,0.9305900971209634,0.9400320340880393
2.458833488,55.146575928,1.935592804,0.9189667237015121,0.9403843449261066
2.458833605,55.424690247,1.929149951,0.9488673467557478,0.9407360071734833
2.458833721,55.370613098,1.926192112,0.9429781813212105,0.9410810676849682
2.458833837,55.408435822,1.908238944,0.9470933349392212,0.9414226042993543
2.458833953,55.451488495,1.911021681,0.95179937213354,0.9417606724456905
2.45883407,55.324081421,1.920276565,0.9379400060801376,0.9420981966881372
2.458834186,55.496391296,1.926586659,0.9567325593045279,0.9424294609719952
2.458834302,55.439949036,1.912643146,0.9505357183532764,0.9427574168936487
2.458834419,55.335029602,1.893145345,0.9391229835006356,0.9430849006557873
2.458834535,55.551105499,1.924828307,0.9627782357058887,0.9434063646791626
2.458834651,55.356964111,1.90081738,0.9414975512099523,0.943724671014588
2.458834767,55.426250458,1.915678751,0.9490378032436498,0.9440398677687725
2.458834884,55.398410797,1.908004186,0.9460008553390341,0.9443546797424732
2.458835,55.59627533,1.919266162,0.9677980789789457,0.9446637721066448
2.458835116,55.460460663,1.892978099,0.9527830498368257,0.9449698940264653
2.458835232,55.401657104,1.881841025,0.9463544844185195,0.9452730899604916
2.458835349,55.463661194,1.907285532,0.9531341910208585,0.9455759800085924
2.458835465,55.543903351,1.882386041,0.9619802521211904,0.9458734296283615
2.458835581,55.493480682,1.891753045,0.9564120149756306,0.9461680819210752
2.458835698,55.48764801,1.898299627,0.955769989202779,0.9464624825018458
2.458835814,55.535720825,1.894701563,0.9610744471565733,0.9467516395253047
2.45883593,55.65278244,1.8938126,0.9741147315241299,0.9470381206428485
2.458836046,55.333820343,1.917369458,0.9389922468785773,0.9473219646969341
2.458836163,55.646144867,1.914737057,0.9733706180202963,0.9476056231362489
2.458836279,55.490100861,1.888625828,0.9560399318937993,0.9478842847675736
2.458836395,55.649040222,1.912952339,0.9736951355278624,0.9481604218715745
2.458836512,55.238513947,1.87513159,0.9287454231517559,0.9484364187923572
2.458836628,55.491783142,1.897948489,0.9562251154086743,0.9487075932438978
2.458836744,55.468887329,1.88032289,0.953707846341473,0.948976349552757
2.45883686,55.599914551,1.908845745,0.9682036527513895,0.9492427217855075
2.458836977,55.694026947,1.902801834,0.9787512654484752,0.9495090093166236
2.458837093,55.47504425,1.890782855,0.9543841139120762,0.9497706932984814
2.458837209,55.651615143,1.910090107,0.9739838290088578,0.9500300920179807
2.458837325,55.505390167,1.903976821,0.9577242797446074,0.9502872371403581
2.458837442,55.502479553,1.893772919,0.9574034031490177,0.9505443477954524
2.458837558,55.702987671,1.911368824,0.9797615068617301,0.950797059688248
2.458837674,55.453903198,1.90622626,0.9520640119566962,0.9510476098748993
2.458837791,55.502819061,1.890190701,0.9574408261972958,0.9512981601645775
2.458837907,55.538967133,1.906516411,0.9614337110778038,0.9515444567956576
2.458838023,55.542266846,1.903931813,0.961799022879034,0.951788678802617
2.458838139,55.565616608,1.867910429,0.9643880485559756,0.9520308541159739
2.458838256,55.590377808,1.913033166,0.9671411890724939,0.9522730717934409
2.458838372,55.649723053,1.881670317,0.9737716844348175,0.9525112185235042
2.458838488,55.616661072,1.891904312,0.9700721640938205,0.9527473997035586
2.458838605,55.426826477,1.880341133,0.9491007423271544,0.9529836523443401
2.458838721,55.605976105,1.881363254,0.968879561294854,0.9532159637162572
2.458838837,55.598293304,1.899595921,0.9680229515396996,0.9534463865497536
2.458838953,55.533374786,1.880666305,0.9608148981916237,0.9536749455685323
2.45883907,55.613574982,1.882364603,0.9697275594122519,0.9539036116307582
2.458839186,55.391628265,1.889126901,0.9452624420205676,0.9541284999807823
2.458839302,55.50844574,1.899666628,0.9580612528544873,0.95435159641097
2.458839419,55.61272049,1.899357701,0.9696321651902714,0.954574824390819
2.458839535,55.385417938,1.911523287,0.9445868300827274,0.9547943909292427
2.458839651,55.490074158,1.8829995,0.9560369927481129,0.9550122338751882
2.458839767,55.673530579,1.882711613,0.9764443980517352,0.9552283751882596
2.458839884,55.640903473,1.855295701,0.9727834265955815,0.9554446780242692
2.45884,55.441604614,1.885354001,0.950716912920005,0.9556574662903179
2.458840116,55.470481873,1.889241284,0.9538829428235561,0.9558686168281104
2.458840232,55.631443024,1.89907261,0.97172447254724,0.9560781501830239
2.458840349,55.722915649,1.878329115,0.9820119476757075,0.9562878722388418
2.458840465,55.376815796,1.89259234,0.9436518138498353,0.9564942180299747
2.458840581,55.605400085,1.892349193,0.9688153104785217,0.9566990064659266
2.458840698,55.668296814,1.891802047,0.9758562094662407,0.9569040023196184
2.458840814,55.659297943,1.86407601,0.9748457134707084,0.9571057204606667
2.45884093,55.490966797,1.892855993,0.9561352486313324,0.9573059382223869
2.458841046,55.655887604,1.843429853,0.9744630351360748,0.9575046739403247
2.458841163,55.636390686,1.873818386,0.9722781445380879,0.9577036399645806
2.458841279,55.54529953,1.896766978,0.9621348942630509,0.9578994530497935
2.458841395,55.522697449,1.86838061,0.9596345192152952,0.9580938375216165
2.458841512,55.605072021,1.868567564,0.9687787192441069,0.9582884680563017
2.458841628,55.562465668,1.881423042,0.9640382654136439,0.9584800346900858
2.458841744,55.341815948,1.886780257,0.9398570135349578,0.9586702236557643
2.45884186,55.666927338,1.873242477,0.9757023615167856,0.9588590513624512
2.458841977,55.430530548,1.882877927,0.9495055697407766,0.9590481443904506
2.458842093,55.54964447,1.848348046,0.9626163031135896,0.9592342863986679
2.458842209,55.482860565,1.873431961,0.9552433378551816,0.95941911500008
2.458842325,55.465934753,1.870937777,0.9533837095553663,0.9596026456114043
2.458842442,55.660762787,1.88160427,0.975010131552661,0.959786458984724
2.458842558,55.575492859,1.892588345,0.96548522521782,0.9599674280699823
2.458842674,55.641094208,1.875648776,0.9728047883549188,0.96014714415099
2.458842791,55.567817688,1.872302248,0.9646324638446585,0.9603271549865866
2.458842907,55.737071991,1.865131154,0.9836137446443822,0.9605043978533089
2.458843023,55.592224121,1.877272372,0.967346790941803,0.960680430687891
2.458843139,55.561542511,1.87134644,0.963935810579622,0.9608552673471782
2.458843256,55.500896454,1.865827171,0.9572289217408481,0.961030413398314
2.458843372,55.571655273,1.877563722,0.9650587502842799,0.9612028884330557
2.458843488,55.751537323,1.867675272,0.9852532029304496,0.9613742077505923
2.458843605,55.620166779,1.873415316,0.97046377339413,0.9615458465125581
2.458843721,55.525947571,1.875412953,0.9599936664060319,0.9617148836723023
2.458843837,55.723762512,1.863626468,0.9821076972375166,0.9618828038040185
2.458843953,55.537216187,1.868225481,0.9612399198927707,0.962049619392467
2.45884407,55.695362091,1.871199832,0.9789017249148015,0.9622167666753758
2.458844186,55.673587799,1.879027795,0.9764508305917308,0.962381400645137
2.458844302,55.586956024,1.874733048,0.9667602613131819,0.9625449665490972
2.458844418,55.657844543,1.866821729,0.974682607296623,0.9627074761611276
2.458844535,55.715274811,1.867867952,0.9811484673439909,0.9628703285186717
2.458844651,55.685504913,1.849064436,0.9777914488441389,0.9630307513426465
2.458844767,55.624729156,1.862186763,0.970973656068246,0.9631901522938544
2.458844884,55.447441101,1.873427034,0.9513559622087728,0.9633499035584492
2.458845,55.694877625,1.847571868,0.9788471270097752,0.9635072853815758
2.458845116,55.633735657,1.837573562,0.9719809922274711,0.9636636782994729
2.458845232,55.751186371,1.880379616,0.9852133947345076,0.9638190929619701
2.458845349,55.486732483,1.876678221,0.9556692525882221,0.9639748671312953
2.458845465,55.493709564,1.847099024,0.9564372177341448,0.9641283484264691
2.458845581,55.693202972,1.863049228,0.978658421956722,0.9642808826147148
2.458845698,55.772041321,1.873034617,0.9875817488138369,0.9644337825892295
2.458845814,55.691425323,1.843204816,0.9784581508013608,0.96458444467058
2.45884593,55.608802795,1.860957581,0.969194919648141,0.9647341895088166
2.458846046,55.837928772,1.863854168,0.9951016075466724,0.9648830267573572
2.458846163,55.455600739,1.868030138,0.952250098322255,0.9650322373963421
2.458846279,55.526557922,1.871249767,0.96006112681662,0.9651792802740444
2.458846395,55.58814621,1.838350806,0.9668927409338322,0.9653254438138581
2.458846512,55.579971313,1.844486995,0.9659831587904906,0.9654719859216764
2.458846628,55.751693726,1.838348143,0.9852709441118945,0.9656164106801068
2.458846744,55.738471985,1.862589167,0.9837722965464988,0.9657599832125141
2.45884686,55.508670807,1.868819899,0.9580860782638192,0.965902712286531
2.458846977,55.56855011,1.847319533,0.9647138081693786,0.9660458261758527
2.458847093,55.665294647,1.854353741,0.9755189754942071,0.9661868870856696
2.458847209,55.380401611,1.865257787,0.9440414641365374,0.9663271302167221
2.458847325,55.754959106,1.842983774,0.9856414172585123,0.9664665638778749
2.458847442,55.730690002,1.861755597,0.982891296311617,0.9666063879147955
2.458847558,55.661903381,1.851811487,0.9751381741335631,0.9667442203192549
2.458847674,55.637393951,1.846846156,0.9723904541586796,0.9668812675931825
2.458847791,55.764015198,1.839081577,0.9866696037301881,0.9670187089996625
2.458847907,55.676311493,1.848357634,0.9767570709896847,0.967154202941331
2.458848023,55.611328125,1.856345253,0.96947674372611,0.9672889351421833
2.458848139,55.539901733,1.853097661,0.9615371667199745,0.9674229131745431
2.458848256,55.573020935,1.849287476,0.9652104961309359,0.9675572898322778
2.458848372,55.547180176,1.844398445,0.9623432357360568,0.9676897755082758
2.458848488,55.768390656,1.853006714,0.9871667570600571,0.9678215292100133
2.458848605,55.64648056,1.838530436,0.9734082376575216,0.9679536845529753
2.458848721,55.631629944,1.859477929,0.9717453842442999,0.968083989617352
2.458848837,55.607265472,1.865490681,0.969023396193875,0.9682135840536149
2.458848953,55.534538269,1.852152239,0.9609436088616233,0.9683424747748559
2.45884907,55.74892807,1.86754784,0.9849572759858128,0.9684717707170494
2.458849186,55.59708786,1.844136789,0.9678886168268428,0.9685992684812288
2.458849302,55.6837883,1.849812918,0.9775982246919449,0.9687260828076858
2.458849418,55.74161911,1.826203196,0.9841288075633662,0.9688522202667962
2.458849535,55.590732574,1.856706377,0.9671806917408946,0.9689787660634409
2.458849651,55.732860565,1.852598584,0.9831369469195181,0.9691035634722845
2.458849767,55.500202179,1.857848341,0.9571524121859671,0.9692277032873964
2.458849884,55.619880676,1.873224368,0.9704318079840449,0.9693522534979346
2.45885,55.763645172,1.861953204,0.9866275716936921,0.9694750912523976
2.458850116,55.554782867,1.831610478,0.9631859359647785,0.969597289973448
2.458850232,55.478183746,1.865167107,0.9547291363333354,0.9697188556782569
2.458850349,55.705368042,1.866545026,0.9800300476300078,0.9698408341739367
2.458850465,55.559928894,1.825195589,0.963756752497421,0.9699611462698806
2.458850581,55.609088898,1.865543811,0.9692268443159064,0.9700808430093435
2.458850698,55.629566193,1.850716795,0.9715145268000477,0.9702009540970661
2.458850814,55.683048248,1.841584682,0.9775149352729169,0.9703194320494734
2.45885093,55.705677032,1.832994257,0.98006491163166,0.9704373116644598
2.458851046,55.496513367,1.854433502,0.9567460052641005,0.970554598460958
2.458851163,55.576541901,1.855771741,0.9656018391467394,0.9706723013844599
2.458851279,55.612537384,1.834422643,0.9696117247284135,0.9707884138455207
2.458851395,55.587314606,1.839019392,0.966800173170027,0.9709039496974148
2.458851512,55.506088257,1.833854191,0.9578012556950302,0.9710199028038478
2.458851628,55.796405792,1.851122794,0.9903558671882342,0.9711342962937286
2.458851744,55.650295258,1.832676408,0.9738358362262511,0.9712481288070623
2.45885186,55.622543335,1.847055215,0.9707293394042245,0.9713614054168891
2.458851977,55.695205688,1.831665472,0.9788840984200569,0.9714751005291834
2.458852093,55.710334778,1.855766947,0.9805906053460219,0.9715872756255249
2.458852209,55.6432724,1.83332329,0.9730487727257964,0.9716989097213625
2.458852325,55.756572723,1.833504518,0.9858245413315264,0.971810007654262
2.458852442,55.750484467,1.858819862,0.9851337831677919,0.9719215250674842
2.458852558,55.591239929,1.842176037,0.9672371877720365,0.9720315604391979
2.458852674,55.750377655,1.834818256,0.9851216688689632,0.9721410738629148
2.458852791,56.034004211,1.846641093,1.0178205140417613,0.9722510073385671
2.458852907,55.752815247,1.83179144,0.9853981703883608,0.9723594862558858
2.458853023,55.752960205,1.812785391,0.9854146157435144,0.9724674569493535
2.458853139,55.739738464,1.845258646,0.983915749646209,0.9725749238746793
2.458853256,55.659099579,1.847323129,0.9748234506864585,0.9726828114136014
2.458853372,55.736156464,1.831693569,0.9835100733429327,0.9727892797209498
2.458853488,55.748004913,1.84649635,0.9848525979477624,0.9728952573624402
2.458853605,55.59495163,1.846255201,0.9676506010855116,0.9730016558990104
2.458853721,55.771465302,1.8285549,0.987516257883966,0.9731066607898903
2.458853837,55.767753601,1.814682894,0.9870943572849022,0.9732111876731878
2.458853953,55.69751358,1.835476056,0.9791442282439776,0.9733152406619205
2.45885407,55.541702271,1.847505821,0.961736508840882,0.9734197147486494
2.458854186,55.512161255,1.838875315,0.9584711650877182,0.9735228281006839
2.458854302,55.596004486,1.84336394,0.9677679015040859,0.9736254796533064
2.458854418,55.917331696,1.834634364,1.0042401345977177,0.9737276733359663
2.458854535,55.684589386,1.827803489,0.9776883912032714,0.9738302881394273
2.458854651,55.66545105,1.828091643,0.9755365413941156,0.9739315738349691
2.458854767,55.59425354,1.823338833,0.9675728335692834,0.9740324132239795
2.458854884,55.486873627,1.842050336,0.9556847821519815,0.9741336736407188
2.458855,55.780330658,1.832164682,0.9885246925812514,0.9742336278813132
2.458855116,55.699062347,1.83319173,0.9793188334415462,0.9743331469972815
2.458855232,55.788341522,1.831726991,0.9894368144344545,0.9744322346228448
2.458855349,55.571632385,1.839285575,0.9650562072821821,0.9745317430186506
2.458855465,55.722648621,1.84909493,0.981981758407068,0.9746299747680267
2.458855581,55.715568542,1.831394363,0.9811816474332451,0.9747277857253651
2.458855698,55.66558075,1.858501614,0.9755511084723723,0.9748260171658588
2.458855814,55.845352173,1.840028997,0.9959524352850412,0.974922993385294
2.45885593,55.589031219,1.835594567,0.966991263066759,0.9750195591650213
2.458856046,55.575458527,1.828467549,0.9654814090314968,0.9751157178724263
2.458856163,55.530487061,1.85621782,0.9604955172013407,0.9752122965654484
2.458856279,55.918411255,1.83360958,1.0043649581790046,0.9753076476447322
2.458856395,55.900375366,1.819450218,1.0022815998192693,0.97540260156417
2.458856511,55.602073669,1.830731369,0.9684443564518188,0.975497161547356
2.458856628,55.652381897,1.825823962,0.9740698120216946,0.9755921408989149
2.458856744,55.742507935,1.828168342,0.9842295183805896,0.9756859192190696
2.45885686,55.775733948,1.834511726,0.9880016881023851,0.9757793130984718
2.458856977,55.656787872,1.829543998,0.9745640407197902,0.9758731258100418
2.458857093,55.732288361,1.826455797,0.9830721825272001,0.9759657567965436
2.458857209,55.854904175,1.849151788,0.997048301448322,0.9760580125389998
2.458857325,55.668094635,1.831946969,0.9758334950012187,0.9761498960303899
2.458857442,55.730506897,1.81061891,0.9828705764520109,0.9762421975506782
2.458857558,55.739593506,1.826503734,0.9838993293052829,0.9763333422476574
2.458857674,55.739177704,1.81826671,0.9838522302130835,0.9764241235096472
2.458857791,55.853061676,1.836019474,0.9968368244730249,0.9765153221360413
2.458857907,55.772068024,1.823931919,0.9875847849376043,0.97660538203623
2.458858023,55.782699585,1.832160021,0.9887943324565082,0.9766950870451547
2.458858139,55.723197937,1.845781158,0.9820438631967304,0.9767844399446599
2.458858256,55.552879333,1.83434155,0.9629748745346682,0.9768742092477051
2.458858372,55.660835266,1.832755105,0.9750182675130644,0.9769628631802858
2.458858488,55.70116806,1.833646598,0.9795562776722769,0.9770511731998204
2.458858605,55.703117371,1.821662373,0.979776137028759,0.9771398988499795
2.458858721,55.73002243,1.820360753,0.9828157570725128,0.97722752611353
2.458858837,55.760292053,1.821206307,0.9862467654310111,0.9773148174111285
2.458858953,55.703964233,1.810806396,0.9798716684784844,0.9774017753299655
2.45885907,55.755718231,1.820964891,0.9857275636142119,0.9774891477866579
2.458859186,55.60823822,1.837919906,0.9691319248989854,0.9775754437891121
2.458859302,55.854198456,1.823879188,0.9969672956589877,0.9776614140421607
2.458859418,55.724815369,1.805131333,0.9822267502854516,0.9777470610310127
2.458859535,55.685680389,1.807637501,0.9778112027982633,0.9778331213990051
2.458859651,55.748073578,1.831498226,0.9848603835832881,0.9779181264807801
2.458859767,55.817089081,1.848312892,0.9927169637942747,0.9780028156255254
2.458859884,55.556869507,1.822527235,0.9634173531042592,0.9780879172400941
2.45886,55.607635498,1.806177423,0.9690646782621265,0.9781719789754032
2.458860116,55.726974487,1.807739101,0.9824709402477416,0.9782557318837279
2.458860232,55.953819275,1.829534677,1.0084676074188963,0.9783391782819058
2.458860349,55.51631546,1.81217646,0.9589296832344584,0.9784230358900305
2.458860465,55.545440674,1.807387164,0.9621505288930698,0.9785058735323003
2.458860581,55.668533325,1.827262868,0.9758827817437938,0.9785884114973958
2.458860698,55.738265991,1.830038015,0.9837489657426451,0.9786713596946209
2.458860814,55.694225311,1.828483261,0.978773617935217,0.9787533024269685
2.45886093,55.500923157,1.816162679,0.9572318645508832,0.9788349521158985
2.458861046,55.695487976,1.798696337,0.9789159122855563,0.9789163109228287
2.458861163,55.842033386,1.815564933,0.9955719650347287,0.9789980786199782
2.458861279,55.768657684,1.826270308,0.9871971057321836,0.9790788596046636
2.458861395,55.695243835,1.825582946,0.9788883975276044,0.9791593560867153
2.458861511,55.630554199,1.818304926,0.9716250413028823,0.9792395701459508
2.458861628,55.778507233,1.828160087,0.988317193807168,0.9793201917129197
2.458861744,55.766357422,1.83422011,0.9869357034552375,0.979399844694837
2.45886186,55.674121857,1.809756578,0.9765108701998269,0.979479221390865
2.458861977,55.648353577,1.814181021,0.9736181651197438,0.9795590045328624
2.458862093,55.757129669,1.823973198,0.9858877551945899,0.9796378323016882
2.458862209,55.717987061,1.840488925,0.9814548879369825,0.9797163897470503
2.458862325,55.729190826,1.827133172,0.9827216648810906,0.9797946788134467
2.458862442,55.893306732,1.824277065,1.0014662682806261,0.979873372882037
2.458862558,55.691680908,1.816598772,0.9784869426599111,0.9799511286765487
2.458862674,55.765956879,1.817221685,0.9868901927373527,0.9800286218314483
2.458862791,55.754898071,1.832210488,0.9856344912653157,0.9801065188861381
2.458862907,55.78944397,1.811904151,0.9895624056991502,0.9801834901347295
2.458863023,55.539993286,1.831814077,0.9615473017872891,0.9802602043223969
2.458863139,55.737010956,1.808686653,0.9836068328994167,0.980336663268171
2.458863256,55.628475189,1.814102458,0.9713925059461168,0.9804135246224888
2.458863372,55.701313019,1.83675251,0.9795726256445928,0.9804894763149407
2.458863488,55.792060852,1.83370865,0.9898605856538305,0.9805651781386784
2.458863604,55.802814484,1.809612368,0.9910868490471489,0.9806406318468721
2.458863721,55.826107025,1.811500816,0.9937481667246761,0.9807164864495005
2.458863837,55.820091248,1.827611609,0.9930601430590716,0.9807914470190383
2.458863953,55.823829651,1.811877653,0.993487647691032,0.9808661646499837
2.45886407,55.794078827,1.841925167,0.9900905846586205,0.9809412820256391
2.458864186,55.715621948,1.820884197,0.9811876803383754,0.9810155167732986
2.458864302,55.666183472,1.837715375,0.9756188052243034,0.9810895136178466
2.458864418,55.868644714,1.814185149,0.9986268182864388,0.9811632742027483
2.458864535,55.536804199,1.815512735,0.9611943275658135,0.9812374329848097
2.458864651,55.781467438,1.809670292,0.9886540758321797,0.9813107239177536
2.458864767,55.695331573,1.80583787,0.9788982855353474,0.9813837834453931
2.458864884,55.747959137,1.819232771,0.9848474076338618,0.9814572399992743
2.458865,55.548690796,1.823138031,0.9625106177108422,0.981529839493276
2.458865116,55.782115936,1.824847247,0.9887278925800652,0.9816022123056429
2.458865232,55.69197464,1.799757207,0.9785200328554364,0.9816743599776832
2.458865349,55.486503601,1.814013375,0.9556440700661024,0.9817469031050502
2.458865465,55.847595215,1.821259037,0.9962096630083165,0.9818186031597058
2.458865581,55.75598526,1.807267055,0.985757868154406,0.9818900826303006
2.458865698,55.615329742,1.823779719,0.9699234876476764,0.9819619563699591
2.458865814,55.755268097,1.797453839,0.9856764809948716,0.9820329972527145
2.45886593,55.765949249,1.803669391,0.98688932581765,0.9821038219868351
2.458866046,55.785369873,1.818736757,0.9890983625160155,0.9821744320207583
2.458866163,55.813789368,1.801777215,0.9923399086990534,0.9822454347358771
2.458866279,55.68497467,1.812808295,0.9777317599385875,0.9823156178428739
2.458866395,55.690551758,1.815728983,0.9783597493883354,0.9823855905301947
2.458866511,55.527835846,1.829466367,0.9602023875814467,0.9824553541959058
2.458866628,55.784992218,1.816919549,0.9890553583060582,0.9825255089473462
2.458866744,55.819877625,1.801692793,0.9930357197832664,0.982594856941478
2.45886686,55.801998138,1.808029518,0.9909937058229727,0.982664000046262
2.458866977,55.615814209,1.835707086,0.9699775879237158,0.9827335330364072
2.458867093,55.911533356,1.790979428,1.003569969209365,0.9828022686614167
2.458867209,55.664432526,1.828295642,0.9754221548237333,0.9828708034222298
2.458867325,55.891548157,1.820501767,1.001263528510314,0.98293913863307
2.458867442,55.726078033,1.797355835,0.982369546539925,0.9830078621271846
2.458867558,55.751056671,1.820074596,0.9851986833775148,0.983075800445608
2.458867674,55.754154205,1.799402075,0.9855500844143322,0.9831435431017919
2.458867791,55.764152527,1.807978119,0.9866852036775526,0.9832116728372661
2.458867907,55.823513031,1.825106639,0.9934514335162016,0.9832790263095307
2.458868023,55.697132111,1.815952156,0.9791012268954383,0.9833461879079506
2.458868139,55.681617737,1.807046679,0.9773539580117728,0.9834131588705092
2.458868256,55.622940063,1.8246302,0.9707736784783572,0.9834805153078642
2.458868372,55.781871796,1.811981516,0.9887001021469193,0.9835471070528355
2.458868488,55.609088898,1.797492056,0.9692268443159064,0.98361351182282
2.458868604,55.65712738,1.816001292,0.9746021345442177,0.9836797308143003
2.458868721,55.609424591,1.807359201,0.9692643038011184,0.9837463336759371
2.458868837,55.760665894,1.801419153,0.9862892144404887,0.983812183082027
2.458868953,55.686100006,1.808783859,0.9778584421867113,0.983877850248243
2.45886907,55.69978714,1.817175346,0.9794005559916102,0.9839439000818501
2.458869186,55.723640442,1.803151939,0.9820938949617363,0.9840092046810094
2.458869302,55.582775116,1.827818803,0.9662950282452242,0.984074330490487
2.458869418,55.897319794,1.816511553,1.0019290734686346,0.9841392786374427
2.458869535,55.672153473,1.792562811,0.9762895997632919,0.9842046078520582
2.458869651,55.63476181,1.820875009,0.9720958290687854,0.9842692025127293
2.458869767,55.777889252,1.820048364,0.9882468798213149,0.9843336228474566
2.458869884,55.805610657,1.787180962,0.991405952387577,0.9843984230515277
2.45887,55.903030396,1.796758754,1.0025880156934994,0.9844624965187219
2.458870116,55.729084015,1.806158514,0.9827095803574848,0.98452639891431
2.458870232,55.565086365,1.808252025,0.9643291778558757,0.9845901313026744
2.458870349,55.714420319,1.812460752,0.9810519496223059,0.984654241967732
2.458870465,55.72838974,1.815629115,0.9826310341802197,0.984717636054868
2.458870581,55.598014832,1.816024727,0.9679919169563186,0.9847808632834043
2.458870697,55.861938477,1.806066769,0.9978560920018766,0.9848439246823263
2.458870814,55.636924744,1.828887396,0.9723379275777758,0.9849073627714574
2.45887093,55.754924774,1.805409634,0.9856375214026277,0.984970094158991
2.458871046,55.794399261,1.811517594,0.9901271110884677,0.985032662764532
2.458871163,55.710605621,1.795886968,0.980621182552639,0.9850956068734039
2.458871279,55.721420288,1.79247506,0.9818428992498769,0.985157851513538
2.458871395,55.67824173,1.801630342,0.9769741566565125,0.9852199363453031
2.458871511,55.726978302,1.79964602,0.9824713717668624,0.9852818623406928
2.458871628,55.787792206,1.813521489,0.9893742421120282,0.9853441622649289
2.458871744,55.765022278,1.794982958,0.9867840091477695,0.9854057721259855
2.45887186,55.831550598,1.80746333,0.9943711583107588,0.985467226029728
2.458871977,55.814735413,1.806331354,0.9924479977233973,0.9855290526855843
2.458872093,55.745586395,1.788226252,0.984578411622923,0.9855901961686431
2.458872209,55.802822113,1.79951699,0.991087719540006,0.9856511865049139
2.458872325,55.5128479,1.803359932,0.9585469380338166,0.9857120246141937
2.458872442,55.777206421,1.820967954,0.9881691930086242,0.9857732339149262
2.458872558,55.737728119,1.805036125,0.9836880491684177,0.9858337690057529
2.458872674,55.706176758,1.80850183,0.980121299408563,0.9858941545919104
2.458872791,55.856189728,1.817872695,0.9971958802625063,0.985954910204281
2.458872907,55.718284607,1.811390161,0.9814885094760767,0.9860149981754541
2.458873023,55.683631897,1.791308595,0.9775806216685442,0.9860749393003273
2.458873139,55.723007202,1.804387246,0.9820222985571273,0.9861347344481871
2.458873256,55.867271423,1.793217416,0.9984689419063454,0.9861948980783038
2.458873372,55.62878418,1.798288607,0.9714270627840637,0.9862544026148259
2.458873488,55.802429199,1.818296936,0.9910428878130461,0.9863137637508222
2.458873604,55.815055847,1.781880472,0.9924846111229464,0.9863729823287447
2.458873721,55.841094971,1.815993302,0.9954644102259452,0.9864325678547653
2.458873837,55.794685364,1.798912586,0.9901597252493824,0.9864915026088674
2.458873953,55.743087769,1.797856642,0.9842952236579079,0.9865502973017278
2.45887407,55.733318329,1.780193226,0.9831887615959027,0.986609457798124
2.458874186,55.827114105,1.807746957,0.9938633929093644,0.986667973624265
2.458874302,55.697731018,1.770213563,0.9791687399332171,0.9867263518285304
2.458874418,55.787212372,1.782852792,0.9893081977918008,0.9867845932097175
2.458874535,55.848339081,1.792661081,0.9962949827925706,0.9868431988787484
2.458874651,55.722240448,1.805848523,0.9819356135630326,0.9869011678212752
2.458874767,55.59715271,1.812498835,0.9678958432381528,0.9869590023060459
